000000000000111111100000000000
000000000011111111100000000000
000000001111110111000000000000
000000111111110000000000000000
000001111111111000000000000000
000011100111001100000000000000
000111000010000110000000000000
000111000010000110000000000000
000111001111100110000000000000
000011101111101110000000000000
000011101111101110000000000000
000001110111011100000000000000
000001110111011100000000000000
000000111010111000000000000000
000000111111110000000000000000
000000011111110000000000000000
000000001111100000000000000000
000000000111110000000000000000
000000000011111000000000000000
000000000001111001000000000000
000000000000111100110000000000
000011111111111100011111000000
001111111111111100000011111000
001111111111111111000000111110
011111000000111111111000001111
011110000001111111111111001110
011111000111111000011111111110
001111111111110000000011111100
000011111111000000000000000000
000000111000000000000000000000