000000000001111111100000000000
000000001111100000111100000000
000000111111110000101111000000
000001100111100101000111100000
000011001111101011101111110000
000110001110011111111111111000
001111000100111100111111111100
001110000000111110111111111100
011001100000011111111111111110
011011001000011110111111111110
011111000000010111111111011111
111100000000000011111111011111
111000000000000111111111001111
111000000000001111111110001111
111100000000101100111100001111
111110000000010001110100001111
101110000000010001100000001111
100100000000001111000000001111
111110000000111111110000001111
111111000000111111110000011111
011111000001111111110000011110
011111000000111111110010111110
001110000000011111110000111100
001100000000001111110001111100
000110000000001111100011111000
000011000000000011000111110000
000001100000000111001111100000
000000111000000110011111000000
000000001111000100111100000000
000000000001111111100000000000