000000000000000000000000000000
111111111111110000000000000000
111111111111111000000000000000
111111111111111100000000000000
111111111111111110000000000000
111111111111111111000000000000
111111111111111111100000000000
111111111111111111110000000000
111111111111111111111000000000
111111111111111111111100000000
111111111111111111111110000000
111111111111111111111111000000
111111111111111111111111100000
110011111111111111111111110000
110111111111111111111111111000
110110111111111111111111111100
110010111111111111111100000110
110010011111111111111000000011
011011011111111111110001111001
011101011110111111110011111101
001110011110011111110011111101
000111011110001111110011111101
000011111110000111110011111101
000001111100000011110001111001
000000111000000001110000000001
000000000000000000110000000001
000000000000000000011000000011
000000000000000000001100000110
000000000000000000000111111100
000000000000000000000000000000