000000001100001100000000000000
000000000110000110000000000000
110000000110000111000000000000
011000000010000010000000100000
011000000111001111000000110000
001110001111101111100001100000
001111001111111111100111100010
001111001111111111101111100011
001111101111011111001111100011
000111100111011111011111100011
000111000110000110011111001110
000001111111111000001110011110
000001111111111111100100011100
000001111111111111111000111100
000011111111111111111110111000
000011111111111111111111000000
000011111111111111111111100000
000011111111111111111111100000
000011111111111111111111110000
000001111111111111111111110000
000001111111111111111111110000
000001111111111111111111110000
000000011111111111111111110000
000000000111111111111111100000
000000000011111111111111100000
000000000011111111111111100000
000000000001111111111111100000
000000000001111111111111000000
000000000000111111111111000000
000000000000001111111100000000