000000000000000000000000000000
000000011111111111111111110000
000000110100000000000000010000
000001100100000000000000010000
000011000100000000000000010000
000010000100000001110100010000
000011111100000000000000010000
000011111000000001101100010000
000011110000000000000000010000
000010000000000001111100010000
000010000000000000000000010000
000010000000000000000000010000
000110001111011111111100011000
001110000000000000000000011100
011110001111110101110100011110
011110000000000000000000011110
011110001011111111111100011110
011111000000000000000000111110
011111101110111111110101111110
011001110000000000000011100110
011000111111111111111111000110
011000011111111111111100000110
011000001100000000011100000110
011000011000000000001110000110
011000110000000000000111000110
011001100000000000000011100110
011111000000000000000001110110
011110000000000000000000111110
011111111111111111111111111110
001111111111111111111111111100