000000000000000000000000000000
000000000000000000000000000000
011111111111111110000000000000
101111110011011111100000000000
100011111111111111111000000000
101100111111111111111110000000
111111001111111111111111100000
000111110011101010111011111000
110001111100110101101100111110
001100011101011111111111111111
000011000101100000000000000010
000000110001000000000000000010
100001001100011111111111111111
111000010011111111111111110000
111110010110000000000001000000
011111100100000000000001000000
100111111110000000000000100000
111001111111111111111111111000
111110011111111111111111111110
011111111111111111111111111111
000111110000000000000000000010
110001111000000000000000000010
001100011111111111111111111111
000011111111111111111111111110
010010000000000000000000001100
110100000000000000000000001000
001110000000000000000000000100
000011111111111111111111111100
000000000000000000000000000000
000000000000000000000000000000