000000000000000000000000000000
000000000000000000000000000000
000000111111111111111111111000
000000111111111111111111111000
000000110001001111111100111000
000000110000000000000000111000
000000010000000000000000111000
000000000000000000000000111000
000000000000000000000000111000
000000000000001111110000111000
000000000000001111110000111000
000000000000000111110001111000
000000000000001111110001111000
000000001000000111110001110000
000000011100000011100001110000
000000001110000111110001110000
000000000111000111110001110000
000000001111101111110001110000
000000011111111111111001110000
001111110101111111111010001000
011111110111111111111111111100
111111111011111111110111111110
111001111011111111101111001111
111000111011111111101110001111
111100111100000000011110011111
111111111100000000011111111111
011111111000000000001111111110
111111111111111111111111111111
000000000000000000000000000000
000000000000000000000000000000