111111111111000001111111111111
111111111110001010111111111111
111111111110001010111111111111
111111111111000101111111111111
111001111100000000011111001111
110110110011111111100110010111
100110101111110111110000011011
110000011001110111001110000111
111100111111110111111110011111
111001111101110111111111001111
111001111110110111111111001111
110011001110110111111101100111
110011111111010111111111100111
100111111111010111111111110011
101111111111100111111111110011
101111111111100111111111110011
101001110000000011111110010011
101111000111110111111111110011
101111111111111111111111110011
101111111111111111111111110011
100111111111111111111111110011
110111001111111111111101100111
111011111111111111111111001111
111001111111111111111111001111
111100110011111111100110011111
111110011111110111111110111111
111111001111110111111001111111
111111100011111111100001111111
111111110000000000000111111111
111111111100000000011111111111