111111111111111111111111111111
100001100010010010100000000001
100011110010010010100000000001
100011110011010010110000000001
100011110011010010110000000001
100011111001011010011000000001
100011111001101010011000000001
100011111101101110001100000001
100001111110101111001100000001
100001110110110101000100000001
100000111011010101000110000001
100000111101011001000110000001
100000011110101001100011000001
100000001110010101110001000001
100000000111001010110001000001
100000000011111110110001000001
100000000111110111011001000001
100000001100000001111011000001
100000011000001111111111000001
100000111000110010111111000001
100000110000100011111111100001
100001110001110000001111100001
100001100001000000011111100001
100011110001111000111111000001
100011101000111101100000000001
100111110000001111100000000001
100111101010000110110000000001
101111110000000000110000000001
101111110101000000010000000001
111111101010010000010000000001