000000000000000000000000000000
000000000000000000000000000000
000000110000000000000000000000
010001111000000000000000000000
111101111001110000000000000000
111100111011110000000000000000
111100110011110000000000000000
011000000001110000000000000000
000111111110000000000000000000
001111111111000000000000000000
001111111111100000000000000000
001111111111100000000111000000
001111111111100001100111100110
001111111111100011110111101111
001111111111100011110111001111
000111111111000011110000001111
000111111111000001100111100100
000011111110000000011111111000
000000111110000000111111111100
000000000000000001111111111100
000000000000000001111111111100
000000000000000001111111111100
000000000000000001111111111100
000000000000000000111111111100
000000000000000000111111111000
000000000000000000011111110000
000000000000000000011111100000
000000000000000000001110000000
000000000000000000000000000000
000000000000000000000000000000