111111111111111111111111111111
111111111111111111111111111111
111111111111011111111111111111
111111111111111111111111111111
111111111111111111111111111111
111111111111111111111111111111
111111111111111111110111111111
111111111111111111111111111111
111111110111111111111111111111
111111111111111111111111111111
111111111011111111111111111111
111111111111111111101111111111
111111111101111111010111111111
111111011111111111010111111111
011110111111111110111011111111
111111111111111101111011111111
111111111111111010111001111101
111111111111111101111100110001
111111111111111001101110000001
111111111111110111101101000001
111111011111001011111110000001
111111111100000111111111000001
001111100000011111011100100001
000000000001111110110110000001
000000000000001111111011100001
000000000000011111111111110001
000000000000111111111101111001
000000000011110110001110000001
000000000000000000000000000001
000000000000000000000000000001