000000000000000000000000000000
000000000001110000111100000000
000000000011111001111110000000
000000000111111111111111000000
000000001111111111111111100000
000000011111011000110111110000
000000111111100101001111110000
000001111111111000111111111000
000011111111110101011111111100
000111111111001111100111111110
001111111111111111111111111111
011111111111111000001111111111
111111111110001111000011111111
111111111101110001111111111111
111111111101011001111011111110
011111111000110001111011111100
000111111000001000110011100000
000000001000011010000010000000
000000001000011111000110000000
000000001000110001100110000000
000000001101101110110110000000
000000001100011011000110000000
000011111110000000001111111100
001110001111001100111110000111
111000001111111111111110000000
000000000111111111111100000000
000000000111111111111000000000
000000000111111111110000000000
000000000001111111100000000000
000000000000000000000000000000