000000000000000000000000000000
000000000000000000000000000000
000001111111000000000000000000
000001111111000000000000000000
000111111111110000000000000000
000001111111000000000000000000
000001000001000010000000000000
000011010101101010100000000000
000001000001001010100000000000
000000100010001010100000000000
000011111111101111100000000000
000110010010110010000000000000
000100010010011010000000000000
001100010010001110000000000000
001000111111000110000000000000
001000101101001111000000000000
011111111111101001000000000000
010011111111111101000000000000
010111111111110111000000000000
011101111111110010000000000000
000001111111110010000000000000
000001111011110010000010010000
000001111011110010000011110000
000001111011110010000001111100
000001111011110010001011101110
000001111011110010011110010010
000011110001111010110100101011
110011110001111010100101010111
111111111111111110111111111111
000000000000000000000000000000