001111111111111111100000110000
000111100011111000111111001000
000001111110110100111111110100
000011111101000111100001110100
000101101100000100000000110100
000101011110001010000000110100
000110111111111101000000110100
000101111111111010100000110100
000001011111111001100000110100
000010111111111001010000110100
000010111111111001010001110100
000011011111111100111001110100
000001011111111111001000110100
000001011110000000111000110100
000001011110111111111000110100
000001011110111111111001110100
000001011110111111001001111000
000001011110000000001001101000
000001011110000000111001111000
000001011110111111111001101000
000001011110111111001001101000
000001011110000000111011110100
000001011111111111111011110100
000001011111111111101011110100
000001011111111100101011110100
000001011111111100101011110100
000001011111111100101011110100
000001011111111100001011110100
000000111111111100110011110100
000000001111111111000001111000