000000000000000000000000000000
000000000000000000011000000111
000000000000000000111100000111
000000000000000000111100000111
000001100000000000111110000111
000011110000110000011111000111
000011110000111110001111000111
000011110000110000011111100111
000011110011111111111111101111
000011100011111111111111111111
000111110010000000111111111111
000111110010000000011111111111
000111111010000000111111111111
000111111010000000111111111111
001111111010000000111111111111
001111111010000000111111111111
001011110010000000111111111111
000011110010000000111111111111
000011110010000000111111000011
000011110010000000111111111111
000011110010000000111111111111
000011110010000000000000000000
000011100010000000000000000000
000011100010000000000000000000
000011100010000000000000000000
000011100010000000000000000000
000011110010000000000000000000
011111111110000000000000000000
011111111110000000000000000000
000000000000000000000000000000