000000000000000000000000000000
000000000000000000000000000000
001000000000000000000000000100
011100000000000000000000001110
111110000011001100110000011111
011100000011001100110000001110
001000110011001100110011000100
001000110011001100110011000100
011100110011001100110011001110
011100110011001100110011001110
111111111111111111111111111111
011100110011001100110011001110
011100110011001100110011001110
111111111111111111111111111111
011100110011001100110011001110
011100110011001100110011001110
011100110011001100110011001110
011100110011001100110011001110
011100110011001100110011001110
011100110011001100110011001110
011100110011001100110011001110
011100110011001100110011001110
011100110011001100110011001110
011100110011001100110011001110
111111111111111111111111111111
111111111111111111111111111111
011100000000000000000000001110
011100000000000000000000001110
000000000000000000000000000000
000000000000000000000000000000