111111111111111111111111111111
111110011111111111111111111000
111100000111111111111111000000
111100000001111111110000000000
111000000000111100000000000000
111000000001000000000000000000
111000000011000000000000000000
111100000110000000000000000000
111111000100000000000000000000
111111100100000000000000000000
111111101110000000000000000000
111111101111000000000000000000
111111101111100000000000000000
111111101111100000000000000000
111111101111110000000000000000
111111101111111000000000000000
111111101111111100000000000000
111111101111111110000000000000
111111101111111111000000000000
111111101111111111000000000000
111111101111111111100000000000
111111101111111111110000000000
111111000111111111111000000000
111110101011111111111100000000
111101101101111111111110000000
111101101101111111111110000000
111011101110111111111111000000
110111111111011111111111100000
101111111111101111111111110000
111111111111111111111111111000