000000000000000000011111100000
000000000000000001111111111000
000000000000000011111111110100
000000000000001111100011111010
000000000000111111000001111110
000000000001111110000000111111
000000000011011100000000011111
000000000110111000000000001111
010100000101111100000000011110
001010001010111110000000111110
000111001101111111000001111100
001111011011111111110111111000
011111010101111111111111110000
001111111011111111111111100000
000011110101111111111111000000
000001111010111111111110000000
000000111101011111111100000000
000000011111111111111000000000
000000011110101111111111110000
000000001111010111111111111000
000000000111101111111000111100
000000000111110111110000011110
000000000011111111100000001110
000000000011101111000000000110
000000000001110111100000001110
000000000000111011110000011110
000000000000111001111000111100
000000000000011100111111111000
000000000000000000011111110000
000000000000000000000111000000