000000000000000011111111111110
000000000000000011111111111111
000000000000000110000000000001
000000000000000100000000000011
000000000000001100000000000110
000000000000001111111111110110
000000000000011000000000001100
000000000000010000000000001100
000000000000110000000000001000
000000000000110000000000011000
000000000001100000000000011000
000000000011111100000000010000
000000000010111111111000110000
000000000111111110001100110000
000000001101111110011111110000
000000011010111011110111111100
000000010010000101000111110110
000000111111111111001111101010
000001110000000001011101101010
000001010000000001111011101010
000111011111111110111111101010
001111111111111111100011110110
001110111111111111111101111100
011011000000000001101101011001
011001000000000001101101000001
011001111111111111101101000011
001100111111111111101101001010
101101100010000000110011001010
100111001010100100011110001010
111111111111111111111111111111