111111111101111110111111111111
110111111100111100111111111011
111001111100111100111111100111
111010111101011010111111010111
111101001101011010111100101111
111101100000000000000111101111
111110111001111111100111011111
111110010111001100111011011111
001110001100000000001100111111
100000011011110011110110000000
110110010100001100001010011001
111010110011110011110011010111
111100100010010010010001001111
110000100011001100110001000011
000110101000001100000101011100
100110101000011110000101011001
111000101100001100001101000111
111100100111000000111001001111
111010110001111111100011010111
110110010000100001000010011001
100000011000111111000110000000
001111001100000000001100111111
111111010111000000111011011111
111110011001111111100011011111
111110100100000000001101001111
111101011101001100101110101111
111000111101011110101111010111
111001111100011110001111100111
110111111100111111001111111011
111111111101111111101111111111