000000000000011111110000000000
000000000111111000111111111000
000001111110001111111110011100
011111100011111111100011100011
100000111111111000111100001111
111110000000011111110001111011
110011111111000001000111111001
100001111111111110111111111001
100001111111100110110111111001
100001111111000010100011111011
110011111111000010100011111111
111111111111000010100011111111
111111111111100110110111011111
111111111111111110111110001111
111111111111111110111110001111
111111111111111110111110001111
111111111111111110111111011011
111111111111111110111111111001
110011111111111110111111111001
100001111111111110111111111001
100001111111111110110111111011
100001111111100110100011111110
110011111111000010100011111000
111111111111000010100011110000
111111111111000010110111100000
000011111111100110111110000000
000000011111111110111000000000
000000000000111110110000000000
000000000000000011100000000000
000000000000000001000000000000