000000000000000000000000000000
000000000000000000000000000000
000000000000000000000011100000
000000000000000000011000100000
000000000000000000011001100000
000000000000000000010010000000
001111111110000000010110000000
001100000111000000010111000000
001111110011100000010111000000
000000111001110000001110000000
000000001111111000011000100000
000000000111111100011101100000
000000000011101100001101100000
000000000001000110001100100000
000000000001100010000100000000
000000000001110010111111111100
000000000001110010111100011100
000000000001110010111111111100
000000000000110111111010111100
000000000000111011110101011100
000000000000110111111010111100
000000000000111001010101011100
000000000000011110101010111100
000000000000011001010101111100
000000000000001101010111111000
000000000000001111111111111000
000000000000000111111111110000
000000000000000011111111100000
000000000000000000000000000000
000000000000000000000000000000