000001110000000000000000000000
000011111000011101100000000000
000010001001111111111110000000
000010001011010111101011000000
000001010110110100101101100000
000001110100100100100100110000
000111111101110011001110010000
001111011111011110111011110000
001101011110110000001101100000
001111011110101110110100100000
001111011110101101010101100000
001111011111101100010111000000
001111111110100110110100000000
001111111110101101111100000000
001111111110011111010000000000
001011111010010101111000000000
001111111110111010101100000000
000111111101101111110110000000
000011111111000011000011000000
000011111110000010000001100000
000011111100000000000000110000
000011111000000000000000011000
000011110000000000000000001000
000011110000000000000000001100
000011100001000000000010000110
000011000001000000000010000010
000011000011000000000011000010
000011001110000001000001100110
000011111111100011100011111100
000011011001111110111111000000