000001111111111110001111011000
000011111111111111111111111100
001111111111111111111111111110
001111100010010111111111111110
000101100111000001111111111111
000001100001100001111111111111
000011001111000001111111110111
000001111011100000110111110000
000001011000110000100111111000
000001001000010000100011111000
000111111111010000000001011000
001100000011110000000011011000
011000000001100000000111011000
010000000000000000000001011000
010000000011111100000011011000
011000000111111110000010011100
001100001100000011000000001100
000111111100001101100000001100
000001101100000110110000001100
000011001100001110110000001100
000110011000011010010000001111
001100011111111000010000011111
001100000011111000010001111001
001100001111110000011111100011
000110000100000000111000000011
000110000110000001110000001111
000011000010000011100000011111
000001100000001110000111111111
000000110000111001111111111111
000000011111111111111111111111