000000000000000000000000000000
000000000000011100000000000000
000000000000110100000000000000
000000001110110100000000000000
000000111111110100000000000000
000011111100110100000000000000
001111110001110110000000000000
111111000011110111000000000000
111100000111100011100000000000
111000000111111111100000000000
011100000001100110000000000000
011100000000111100000000000000
001110000000000000000000000000
001110000000000000000000000000
000111000000000000000000000000
001111000000000000000000000000
111111111111111111111111100000
101111100000000000000000100000
100000000011111011111110110000
100011111111111010000011010000
100111111010101011001101011000
110111111101011011011101101000
110011111110101001111000101100
111011111111111001110000110100
111000000000000011111111110110
011100000000000111000000000010
011100000000000110000000000011
001110000000000000000000000001
001111111111111111111111111111
000111111111111111111111111111