111111111111111111111111111111
111111111111100011110011111111
111111110000011001000011111111
111111111111111111111000001111
111111110000011000001111111111
111111000001110000000100000111
111111111111010000001110001001
111111100000111111111011111111
111111100011001101001000000111
111111000010001001000110000011
111111000100001000000011100011
111110011100001000100001111001
111111111100001000100001111101
111111111100011000110001111111
111111111100111001110101111111
111111011101111001110111111111
111000001111111011101111110101
111100000011011111101111100001
111110000111011111101111000001
111110011000100011101110000001
111111100001100001101110000011
111111110000011100110100000111
111111111111000110001111111111
111111111111100100111111111111
111111111111100100001111111111
111111111111100000000111111111
111111111111100100000011111111
111111111111001110000001111111
111111111110011111100000111111
111111111110011111111111111111