111111111111100001111111111111
111111111111000000111111111111
111111111111000000111111111111
111111101111001100111101111111
111111000011001100110000111111
111110000001101101100000011111
111110000000100001000000011111
111110000110000000011000011111
111110000111000000111000011111
111111100011100001110001111111
111111111111110011111111111111
111100001111110011111000011111
110000000000110011000000000011
100000111111000000111110000001
000001111111100001111111000000
010011100111110011111001100100
011111000011100001110000111100
011111001011101101110100111100
001111011011011110110110111100
101111111011011110110111111101
110011100110111111011001110011
111000001110111111011100000111
111111111110111111011111111111
111111111110111111011111111111
111111111110111111011111111111
111000011110111111011110000111
111000001110111111011100000111
001100000111011110111000001100
001100000011001100110000001100
000001111001100001100111100000