000000000000000000000000000000
000011111110000000001111111000
000111111111100000111111111100
001111111111110001111111111110
001111111111111011111111111110
011111111111111111111111111111
011111111111111111111111111111
011111111000111000111111111111
011111110000010000011111111111
011111110000000000011111111111
011111110000111001111111111111
011111111001111000001111111111
011111111001111000000111111111
011111110000110000000111111110
001111110000000110001111111110
001111110000000111111111111100
000111111001000011111111111100
000011111111000011111111111000
000001111111100111111111110000
000000111111111111111111100000
000000011111111111111111000000
000000001111111111111110000000
000000000111111111111100000000
000000000011111111111000000000
000000000001111111110000000000
000000000000111111100000000000
000000000000011111000000000000
000000000000001110000000000000
000000000000000100000000000000
000000000000000000000000000000