000000000000000000000000000000
000000000000000000000000000000
000000000000000000000000000000
000000000000000000011111000000
000000000000000000111111100000
000000000000000011111011111000
000000000000000111110001111100
000000000000000111100000111100
000000000000000111001010011100
000000000000000111000000011100
000000000000000011100000111000
000000000000000001110001100000
000000000000000011101111110000
000000000000000110101101011000
000000000100000100101101001100
000000000100001100101101000100
000000000100001001100001100100
000000000100001111000000111110
000000000100010011000000110010
000000000100011111000000111110
000000001110000111000000111000
000000001110001111000000111100
000000011011001111000000111100
011111110101001111111111111100
001010111011001111111111111100
011010010101001111111111111100
010010011011001111111111111100
010010001110000001110011100000
000000000000000000000000000000
000000000000000000000000000000