111111111111111111111111111111
110011111111111111111111111111
100001111111111111111111111111
100001111111111111111111111111
110011111111111111111111111111
111111111111110000011111111111
001111111111100000111111111111
000111111110000001111111111111
100111110000000001111111111111
111111100000000001111111111111
011111000000000000111111111111
001110000000000000011111111111
001110011000000000001111100111
011100011001110000001111100001
111100000000110000000111100001
111000000000010000000111100011
101000110000010000000001000011
100000011100010000000000000111
110000110000000000110000001111
111111100000000000011000001111
111110000000000110001000001111
111100000000000111111000001111
111100000000000011110110000111
111111000000000000001110000011
111111100000000000011111000011
111111110000000100011111100001
111111111111111100011111110011
111111111111111110111111111111
111111111111111111111111111111
111111111111111111111111111111