000000000000111100000000000000
000000000011111111000000000000
000000000110010101100000000000
000000001111101110110000000000
000000001000110011011000000000
000111111100100011011000000000
001111111111110011011000000000
001100000111111010011000000000
011111000000011100011100000000
011001100000000000001111000000
001101111000000001101111110000
001110001111111111110110110000
000111000001111111000111111000
000100000000000000001110001100
001100000000000000011111000110
001100000000000011000000001111
001100000000000011000000001101
000100000000000011000000000111
000110000000000011000000000001
000110000000000011000000001111
000111000001000001000000011111
000011100011011001100000011101
000000110011010000110000011011
001111111111010000011000011110
011111001110010001001100011110
111101111110011111111110001110
111111001100110101110100000011
011111111110001011111000000011
000000111111110011111111111111
000000011111110011111100000000