111000111111111111111111111111
111000011110011111111111111110
111000111110010011111111111100
110000111111000011111111111100
000000000111011011110111101100
000000000011010011100011000101
000000000011000001001010010101
111000001111011101011010110101
110000011111011001001010010101
100000001110000001000010000111
000000001110000011100111001101
000000011111111111111111111000
100000011111111111111111111101
111000001111111111111111111111
111110000111111111111111111111
111111111111111111111111111111
011000110001100011000110001100
011000110001100011000110001100
011000110001100011000110001100
000000000000000000000000000000
000000000000000000000000000000
011000110001100011000110001100
011000110001100011000110001100
011000110001100011000110001100
011000110001100011000110001100
011000110001100011000110001100
000000000000000000000000000000
000000000000000000000000000000
011000110001100011000110001100
011000110001100011000110001100