000000000000000000000000000000
000000000000000000000011000000
000000000000000000000011000000
000000000000000000000110000000
000000000000000000000110000000
000000000000000000000110000000
000000000000000000001100000000
000000000111111111111111110000
000000000010000000001100111000
000000000011000000001100101100
011110000001000000011000100110
111011000001000000011000110011
100001100001000000011000111001
100000100011101111111100101101
100111111111111110011111100101
100100100001111111111011111101
110111100001110111111011110001
011111011111111011011101100111
000111111011100111011011111100
000110110111100000110000100000
000111111111100000110000100000
000111011001100000110000100000
000110110001100001100000100000
000111000001000001100000100000
000010000001000001100000100000
000010000001000001100000100000
000010000001000011000000100000
000010000001000011000000100000
000011111111000011000000100000
000000000001111111111111100000