111111111101111011111111111111
100000000011011100000000000000
100000000110000110000000000000
100000000100000010000000000000
100000000100000011000000000000
100000000110000111110000000000
100000000011011110111000000000
100000000001111100001100000000
100000000000001100000110000000
100000000000001100000111000000
100000000000001111000001100000
100000000000001001100000100000
100000000000001101100000110000
100000000000000100100000010000
100000000000000100110001110000
100000000000000110111111111000
100000000000000010101111111000
100000011111111110111111111000
111111111111111110111111111000
101111111111111110111111111000
100000000111111110111111110000
100000000000000010101111100000
100000000000000011100000000000
100000000000000001100000000000
100000000000000001100000000000
111111111111111111111111111111
111111111111111111111111111111
100000000000000000000000000000
100000000000000000000000000000
100000000000000000000000000000