111111111111000111101111111111
100000000000011100100000000001
100000000000110001100000000001
100000000000110111000000000001
100000000000011100001110000001
100000000000000001000111000001
100000000000000011000111000001
100001111100000011001101000001
100011111111000011111101111001
100110111111111111110000001101
100110110101111110000111000111
100111011101111111001101000011
100111011110111111100100001011
100100111110011000100000001011
100111111110111110110000011011
100111110000011110011011110111
100111111000000011101100001101
100111111000100111100111111001
100101110001100111100010000001
100101000011000110000110000001
100101100110000001101100000001
100101101101111011100110000001
101101011011001010110010000001
101101010010001010011011000001
100001010110001010001101000001
100001010100001010000101000001
100001010100001010001101000001
100001010100001011001001000001
100001111110001111101111000001
111101111110000111101111011111