000000000000000000000000000000
000000000000000000000000000000
000000000000011111111000000000
000000000011111111111110000000
000000001111111111111111100000
000000011111111111111111110000
000000111111001100111111111000
000001111000011110000011111100
000001111000111111000000000100
000011111000111111000000001110
000111111000011110000000111110
001111111110001100000000001111
001111111111000000000001111111
000111111111111110000000011111
000000001111111111111111111111
000000000111111111111111111111
000000000111111111111111111111
000000000111111111111111111111
000000000111111111111111111111
011111111111111111111111111111
011111111111111111111111111110
001100001111111100111111111110
001100001111111100111111111110
001100011011111111111111100000
001100111011111111111110000000
001101110001111111111100000000
011111100001111111111000000000
011110000000111111110000000000
000000000000011111100000000000
000000000000000000000000000000