000000001000000001000000000000
000000011111100000100000000000
000000111111110000110000000000
000000111111111111111111000000
000000111110000000000000110000
000000100001111111111111001000
000011011111111111111111111000
000101111111111111111111111000
001111111111111111111111111000
001111111111111111111111110000
001111111111111111111111100000
000111111111111111111110000000
000001111111111111110000000000
000000000000000000000000000000
000000000000111111111111100000
000000001111111101011110100000
000000001000011111011111100000
000000001000001110001111000000
000000000000000000000000000000
000000000000000000000000000000
000000000111111111111000000000
000011111100000000001111110000
011110011001111111100100011100
110001110011111111110010000100
100001110011111111111011000110
100001111001111111111001000011
101001111100111111111011100001
110101011110011111111011010101
111010101111001111111011101011
111111111111100111111111111111