111111111111111111010111111111
100000000000000000111000000001
100000000000000000101000000011
100000000000000000111000000111
100010000000000001101100001101
100111000011111001010100011001
111101100110001101101100110001
101000100101110111010101100001
101111111100100011101111000011
101100100110000001010110000010
111111100011000001111100000111
100011000001100000111000000101
100000000000110000000000001101
100000000000010101000000001001
100000000000011010100000011001
100000000110001101010000110001
100000001111001010101001100001
100001111001101101011111000001
100111010000100110110001100001
101111010000100111000000110001
101001111001100011000000010001
101000001111000001110000011001
111000000110000001010101101101
110000000000000011001010100110
110000000000000010101010110011
100000000000000110101011011001
100000000000000100101001101111
100000000000000101101100101100
100000000000000110110101111001
111111111111111111111111111111