110110111110110111111111111111
100110111110110111111111111111
100110011100110011111111111111
101110001101011011111111111111
101011001001011011100011111111
101011001001011000000001111111
101101100011101100111000111111
101110110011101101100100111111
101111011011101111001010000000
100111101111101110001001111111
100111110111101100000010000000
100011111011101000111100111111
110011111101110001111001111111
110001111110001011100011111111
111001111111100011100111111111
111100111111100101001111111111
101110011111000011011111110111
110111001110000111011111101111
011011100100001010011111011101
011011001100010110111111011011
110110011000101101111110110111
101100110001011001111101101111
111000110010111011111101110111
111001000101110001111110111011
110010101111111000111111011011
100101011111111100011111011111
101010110111010100011111011111
101101101101111010011111011111
100011011011011110011111111111
110001110110110110011111111111