000000000000000000000000000000
100001000000000000000000100001
100001000001111111100000100001
100001000011000000110000100001
100001000110000000011000100001
100001000100000000001000100001
100001001100100001001100100001
111111001001110011100100111111
000000011001110011100110000000
111110010000100001000010011111
100011010000000000000010110001
000001111111000000111111100000
000011101111000000101111110000
100011101111000000101111010001
100010000001000000100000010001
110101111111000000111110111010
111101111110100001111110111110
111101111110110001111110111110
000000000000011110000000000000
011111101111101111110111101111
011111101111101111110111101111
011111101111101111110111101111
000000000000000000000000000000
110111111011111101111110111110
110111111011111101111110111110
110111111011111101111110111110
000000000000000000000000000000
111111011111101111101111111011
111111011111101111101111111011
111111011111101111101111111011