000111100000000000000000000000
001101111000000000000000000000
010111111110000000000000000000
011111100011100000000000000000
010101111000111000000000000000
001111111110011110000000000000
001010000111100101000000000000
000111110001100010100000000000
000101111100111110010000000000
000111111000010011111000000000
000010111111100001001100000000
000011101111111100100110000000
000010111111111111110110000000
000001110111111111111111000000
000001011111011011111111000000
000000111101111110011111100000
000000101111101111110011100000
000001111011001110010111110000
000010101111111111100111110000
000011111111111111111001111100
000111011100011000111110111110
000101111111101110001111111110
000111011000111111100011111100
000101111110000011111111111000
000011101111111100011111110000
000010111111111111111111101000
000001111011111111111111001000
000000101110101111111101000000
000000011011111001110001000000
000000000000000000000001000000