111111111111111111111111111111
100000000000000011110000000001
100000000000000111110011000001
100100000000011110101110000001
101100000000110100111100001001
101100000001111001001000001101
101110111001000001011011011101
101111110001001010110011111101
100111100001110000100001111001
110100000000111001000000001111
111100110001111111110001000111
111011110001000000110001110111
111111000001111111110000111111
101110000001111110110000011101
101001100000111101100001100101
111011100000111101100001110111
111111100000011111000001111111
111111000000011011000000111111
101110010000011011000010011101
100100110000011011000011011001
111111110000011011000011111111
111111110000001110000011111111
101111100110001110011001111101
100000101110001110011101000001
100111111110100001101111111001
100011111101100001100111110001
100001110111100001111111100001
100000000111110011111000000001
100000111111000000111110000001
111111111111111111111111111111