000000000000000000000110000100
000000000000000000000011001100
000000000000000000000011111000
000000000000000000000011111000
000000000000000000000011111000
000000000000000000000001111000
000000000000000000000001111000
000000000000000000000001111000
000000000000000000000011111100
000000000000000000000111111110
000000000000000000001111111110
000000000000000000111111111110
000000000000000001111111111100
000000000000000001111111111100
000000000000000011111111110110
000000000000000111111111110010
000000000000000111111111110010
000000000000000111111111100010
000000000000000111111111110000
000000000000000111111111111000
000000000000000111111111111000
000000000000000111111111111000
000000000000001111111111110000
000000000000011111111101110000
000000000000011111111101100000
000000000000111100011001100000
010000000111111100011001100000
011111111111111000011011111110
001111111111110000011011111111
000000000000000000011111110000