000000000001111111100000000000
000000000111111111111100000000
000000011111111111111110000000
000000111111111111111111100000
000011111111111111111111110000
000011111100111111111111110000
000111100010001111111111101000
001110011111110011111111101100
001110111111111001111111011110
011101111111111110000000111110
011001111111111111111111111110
011011111111111111111111111111
110011111111111111111111111111
110111111111111111111111111111
110111111111111111111111111111
110111111111111111111111111111
110111111111111111111111111111
110111111111111111111111111111
010011111111111111111111111111
011011111111111111111111111110
011001111111111111000000111110
001101111111111000111111011100
001110111111100111111111101100
000111000000011111111111110000
000011111011111111111111110000
000001111111111111111111110000
000000111111111111111111000000
000000011111111111111110000000
000000000111111111111000000000
000000000000111111100000000000