111110000001110011100000011111
100001000110001100011000100001
101110111001110011100111011101
101010000110001100011000010101
110111111111111111111111111011
001010000001111111000000010100
001010000011111111100000010100
001010000111100000110000010100
010110001101000000010000011010
110110001111000000011000011011
101010001111001000111000010101
101010001111110101011000010101
101010001111000010011000010101
110110001111000010011100011011
010110001111000110011100011010
010110001111001000011100011010
110111011111000110111101011011
101010101111110001111110110101
101011011111111111111101010101
101010101111110011111110110101
110111011111100011111101011011
010110111111100001111110111010
001011011111100000011101010100
001010111111100010111110110100
001011111111111111111111010100
010110111111111111111110111010
101010000110001100011000010101
101110111001110011100111011101
100001000110001100011000100001
111110000001110011100000011111