000000001000000000000111000000
000000010100000000000101000000
000000010101111111111101000000
000000010100011111000111000000
000000100010000001111011111000
000000111110000001100010111000
000001100001000001100001111000
000011111111100001100010111000
000011000000100001100011111000
000011000000100001101011111000
000011000000100001101101111000
000011000000100001101010111000
000011000000100001101110111000
000011000000100001101101111000
000011000000100001100011111000
000011000000100001100010111000
000011000000100001100011111000
000011000000100001101101111000
000011000000100001101111111000
000011000000100001101011111000
000011001000100001101111011000
000111001000110001101101111000
001011001000101001100011111000
011111111111111101100010111000
000001111111000001100011111000
000001100011000001111001111000
000010010100100001111111111000
011111111111111111111111111110
110000000000000000000000000011
111111111111111111111111111111