111100000000000011111111111111
111000111111100000111111111111
100011110101111000000000000011
100111000000011110000000000011
001110000000001110000000000011
011100011000011111000000000011
111011110000011011100000000011
100111000111110001111000000001
100110001111110000011100000001
111001011100111000111100000000
111111111001111111111110000000
010111110001011111111111110000
010011100000001111111011111000
110111100001001110011000011110
101111100011101111000110001111
001101100010100111111111111110
000011100000100110111111111100
010011111001000111111111110000
111001111101100110000000000000
011001111100101100000000000000
101000111111001000000000000000
110010011111111000000000000001
010011001111111000000000000001
101111100011111000000000000011
101111000001111000000000000011
111010011100111000000000000011
111000111010011000000000000011
101111011010011000000000000011
111101101101001100000111111111
001011000111001100011111111111