000000000000000111000000000000
000000011111001111110001110000
000001101010111111001111111000
000111110101011010000001110100
001011100000011000000000101100
011101100000001000000100000110
110000000000100000001100000110
110011000001100000001100000110
110011000001100000001100000110
110011000001100000001100000011
110011000001100000001100000011
110011000001100000001100000011
100011000001100000011110000011
110011100001100000001100000011
100011000001110000011110000011
110011100001100000011100000011
110011000001110000011110000110
111111100011100000011110111110
011111110011110000111110001110
011111111111111001111111111100
001111111111111111111111111100
000111111111111111111111111100
000011111111111111000000111100
000000001111111110111000101110
000000000011101100001100010110
000000000000001110000100001110
000000000000000111100100001110
000000000000000000111100001100
000000000000000000001111111000
000000000000000000000011110000