111111111111111000000111001111
100000000000000001111001000001
100000000000011111110001000001
000000000111100001111100100000
000001111011111000011111100000
111111110000111110000111110000
100001111100001111100001110000
111000011111000011111110000000
011110000111110111100000000000
011111100001111100000000000000
001011111111000000000000000000
001111100000000000000000000000
000111111111111111111111111110
000111111111111111111111111110
000111111111111111111111011110
000110001111111111111111011110
000110111001001001100111011110
000111011011011010101111011110
000111101011011010101110011110
000110001001001010100110111110
000111111111111111111110111110
000111111111111111111111111110
000111110001111111111110011110
000111111010001010100101101110
000111111010101001101111101110
000111111010001010101111011110
000111111010101010100110111110
000111111111111111111100011110
000111111111111111111111101110
000111111111111111111111111110