001111000000000000011111000000
001100100000000000011001100000
001110011111111111111100110000
001111001111111111111110011000
001111100100000000001111001100
001111110011111111111111100110
001101111001000000011011110011
001101011100100000011010111001
001101001111100000011010011111
001101001111111111111011111111
001101001111111111111011111111
001101001100000000011010000001
001101001111111111111011111111
001101001101000000011010011010
001101001101000000011010011010
001101001101000000011010011010
001101111111111111111010011010
011101111111111111111010011010
011101000000000000011010011010
011101111111111111111010011010
010111001101000001101110011010
010011001101000000110110011010
011001101101000000011011011010
001100111101000000001101111010
000110011111111111111111111110
000011001111111111111111111111
000001100100000000000000000001
000000110011111111111111111111
000000011011100000000000011111
000000001111100000000000001111