111111111111111111111111111111
111111111111111111111100000001
111111111111111111111000000001
111111111111111011110000000001
111111111111110001100000000001
111111111111100011000000000001
111111111111110110000000000001
111111111111111100000000000011
111110111111111000000000000111
111110011101110000000000001111
111110001000100000000000011101
111110000000000000000000111001
111110000000000000000001110001
111100000000000000000011101001
111000000000000000000111011101
110000000000000000001110111001
100000000000000000011100010001
100000000000000000111000000001
100000000000000001110000000001
100000000000000000111000000001
100000000000000000011000000001
100000000000000000111000000001
100000000000000001110000000001
100000000000000000111000000001
100000000000000000011100000001
100000000000000111111100000001
100000000000001111111100000001
100000000000011100000000000001
100000000000111000000000000001
111111111111111111111111111111