000000000000000000011001010010
000000000000000110001111010110
000000000000000011100110011100
000000000000000100111100010000
000000000000000111001000110000
000000000000000001101101100000
000000000000000000100111000000
000000000000000000110110000000
000000000000000000011111111111
011000000000000000001100111111
001100000000000000001101111111
000100000000000000001111111100
000101111111111111111111100000
000111111111111111111111100000
000111111111111111111111100000
000111111111111111111111100000
000111111111111111111111100000
000111111111111111111111100000
000011111111111111111111100000
000011001111111111111011000000
000011001100000000110011000000
000011001100000000110011000000
000011001100000000110011000000
000011001100000000110011000000
000011001100000000110011000000
000011001100000000110011000000
010011001100000010110011010000
010011001100010010110011010100
110111111110110011110111110110
111111111111111111111111111111