000000000001111011000000000000
000000001111111111110000000000
000000011111111111110000000000
000001111111111001111100000000
000001111111100000111110000000
000011111111000000011110000000
000011111111000011101111000000
000011110000100100010111000000
000011110111000011100111000000
000011001111111111110011000000
000011001010100101010011000000
000010001000100100010001000000
000010000111000011100001000000
000011000000000000000011000000
000001100000011000000110000000
000000100000111100000100000000
000000110000111100001100000000
000000010001111110001000000000
000000011011100111011000000000
000000001111111111110000000000
000000000111111111100000000000
000000000101111110100000000000
000000000100000000100000000000
001111111111111111111111111100
011111111000011000011111111110
111111111100111100111111111111
111111111101111110111111111111
111111111110011001111111111111
111111111110011001111111111111
111111111110011001111111111111