000000000001111111000000000000
000000000111111111111000000000
000000011111111111111110000000
000000111111111111111111100000
000001111111111111111111100000
000010011111111111111111110000
000110001111111111111111111000
001110000000011111111111111100
001010000000000111111111111100
011001111111100011111111111110
011100000000111011100001111110
011100000000000110000001011110
111110000000000010000010101111
111110000000000000000101101111
111111000000000000001101011111
111111100000000000001101011111
111111110000000000001100111111
111111111100000000001110011111
111111111100000000011111011111
011111111000000000011111011111
011111110000000001111111011110
011110000000000011111110111110
001111000001111111100001111100
001111000011111000011111111100
000111100011111111111111111000
000011110011111111111111110000
000001111111111111111111100000
000000111111111111111110000000
000000001111111111111100000000
000000000001111111110000000000