000000000001111111111000000000
000000000011111111111100000000
000000000111000000011110000000
000000000111000000001110000000
000000000111011111100110000000
000000000111011111100110000000
000000001111111111111111000000
000000010000000111000000100000
000000111111110111011111110000
000001111111100000000111111000
000011000000000111110000001000
000110011111110000000111111100
001110111111111011101111111110
011110111111111011101111111110
011100111111111100011111111111
011101111111111111111111111111
011101111111111100011111111111
011101111111111100011111111111
011101111111111100011111111111
011101111111100000000011111111
011101111111100000000011111111
011101111111100000000011111111
011101111111111100011111111111
011101111111111100011111111111
011100111111111100011111111111
001110111111111111111111111111
010110011111111111111111111111
001100000000000000000000000011
000110000000000000000000000110
000011111111111111111111111100