000000011111100000111111110000
000001111111111111111111111100
000011111111000111110111111110
000011111110000111110111111111
000111011110000111110111111111
001111011110000111110111111111
001110111110001111110111111111
001110111100001111110111111111
000001111100011111111011111110
000001111000111111111011111100
000011111000111111111011111010
000011111000111111111101111010
000011111000111111111110110110
000011111000111111111111001110
000011101001111111111111111110
000011101011111011111111111100
000010011011111001111111111100
000011110011111001111111111100
000011100111100001111111111000
000111000111111111111111110000
001110001111111111111111100000
011000000000001111111111000000
111100000000011111111110000000
111110000000011111111100000000
111111000000110111111000000000
111110000000000111110000000000
111110000000001111000000000000
011100000000111000000000000000
001100000011100000000000000000
000111111110000000000000000000