000000000000011111111111111111
000100000001100000000110100001
001111000110000000000110101111
011111111001110000000110101111
000011111111100001111110101111
000001111111100110001101011111
000000011111101000000111011111
000000000111111110000000111111
000000000001111111100000000111
000000000000011111111100000001
000000000000001111100010000001
000000000000000011100010000001
111111111111111111100010000001
111111111111111111111100000001
111111111111111111111100000001
111111111111111111111100000001
111111111111111111111100000001
111111111111111111111100000001
111111111111111111111100000001
111111111111111111111100000111
111111111111111111111100011001
111111111111111111111111100111
111111111111111111111111101111
111111111111100000000110101111
111111111100110000000110101111
111111111111100000111110101111
000000110000000001001101011111
000000011100000110000111111111
000000000111111100000000000001
000000000000000000000000000001