000000000000001000001000000000
000000000000001000001000000000
000000000000111000000100000000
000000000000100000000100000000
000000000011100000000100000000
000000000111111000011111000000
000000000111111111111111000000
000110001101111110111111111100
000101101110111111011111000010
000100111111111111101111000000
001000011101110111110110000000
111000111101111011111010000111
000000111011111101111111000100
000001111011111110111111111100
000001111011111111101111100000
011111111101111111111111110000
010111111101111111110111110000
010011111101111111001111110000
010011111101110000111111100000
010011110000001111111111000000
010011001101111111111111100000
010010111110111111111110110000
010011111110111111111000110000
110011111110111111110000010000
000011111110111111110000010000
000011111101111100110000010000
000001111111000000110000010000
000000000000011111100000011000
000000000000110000000000000000
000000000001100000000000000000