111111111111111111001001111101
111111111111111110110111000101
111101100001111101100110000101
111010101111111010011100001101
111010101111110110011000011011
111010100011101001110000110001
111101101111011001100001110101
111111101110100111110011101001
111111101101100111111111000111
111111111010011111111110101111
111111110110011110111100011101
111111101001111101111010111010
111111011001111111110001110101
111110100111110111001001101011
111101100111111110101111010111
111010011111011100010110101111
110110011111111010001101011111
101001111101110001011010111111
010111111011101010110101111111
101111110111000101101011111111
111111111110100011010111100111
011001111100010110011011011011
011011111010101100110101011111
011011101001011001010101011111
011111011000110010110101011111
101111110011100101111011011111
110111111111001011111111011011
111000101110010111111111100111
111111010000101111111111111111
111111101111011111111111111111