000000000000011110111000000000
000000000001111111111110000000
000000000111111111111101000000
000000001111000011111110100000
000000011100000001111110100000
000000101111110001111101110000
000001011000010001111101010000
000001011001000001111111010000
000001111111100001111111001000
000001111011100001111111101000
000000111000000001111011111000
000000101000000001111011101000
000000111000001101111011110100
000000011000000000111010111010
000000111100001100111101001110
000001111100010110011101111101
000001111110001100011110111110
000010111111100001111111110111
000010111110011111111000110011
000011110010001111100000001011
000001110000000000000000000111
000111100010000000000000000111
001100000000000000000100000111
011000000100000000000100000111
111111000101111110000100000111
111111110111111111000111111110
111111111111111111100110111101
111111111111111111101111011111
011111111111111111101110111111
001111111111111111001111011100