000000000001111100000000000000
000000000011111110000001111111
111110000111101000000111001001
011111001110000000001111001001
000111101101111111011111110111
000001111011110111011101001001
001111111111100000011001001001
011111100111111100110001111111
111111100001111110100000000111
110100111001111110101100110111
000011111110000000101100110011
001111101110111100100000000011
011101001100100100100000000111
011000001101000100110011000111
010000011101000110111000001111
000000011001000010111100001111
000000011001000100111100001111
000000111001001101111100001111
000000111001001011000000000000
000000111001001110000000000000
000000111001001100000000000000
000000111001001100000000000000
000000111001001000011110001111
000000111101001000110111011101
000000011101001000101011111010
111111111111001000110110111101
000000011111000001111101011111
000000001111000011101110110111
000000001111000110010111101011
000000001111111100101111110111