111111111011111111110001111100
111111111111110111001111111111
000000111111011110011111001111
101100000011111101111110111111
111011001100111011111101111111
111110110011011111111011111111
111111101100101100000111111111
111011011011110100000111111111
111111111111001100000001111111
111111111110001100000001111001
111111111100001100000000110001
111111111000001101111000000101
111111111001101100000000000101
111111110010001110110000000001
111111110000101110000000000110
111111100011100110000000000100
111111000000000110000000000000
110011000000000011100000000000
110001000000000111011100000000
110000000000001111101000000000
110001000000110111110000000000
111011000000001111100000000000
100011000000000111100000000010
000011000000000111110000100100
000011000000001111111111000110
110011000111111111111101101111
011000000111111101110011111111
101100000110011111101111111111
111110001000101111011101100110
111011001010111110111100000001