000000011111110011111000000000
000001111000001110011111000000
000001000011100000000001110000
000111011111111011111000011000
001100111000000100011110001000
001000100000001100001111001100
011011000000001000000110110100
010011100010111001000110010010
010100111011111011101100011010
011100001111100011101000001011
011000011110011100110010001111
011001101101111111011100010111
001000111011111111101101110011
001101111011001111100111000011
000101110111001111110110011010
000110110111111111110111100110
000011110111111111110111000100
000001110011111111100100011000
000111001011111111101110010000
001100111001111111001011100000
010011111100011100111100110000
011001111111100011111111001000
011010011111111111111100011000
001101100111111111100011110000
001110110000011000011100110000
100011100111100111110001101110
111000010000001100000111000111
111100011100011111011100011111
111111000111110001110001111111
111111110000001110001111111111