000000000000111000000000000000
000011000001110000111100000000
000111110001110011111111000000
000111111001110111110000000000
000111111101111111001111100000
000110011110111111011001111000
000100000011111110000000101100
000000011101101110001010000110
000000111110100110001100000111
000011111110011100001100010011
001110111010111001001100100011
011100111001111001100000110011
011000110001111001100000110011
111000110001111101101000110110
111010010000111100000010000110
110000010100111100000011010110
110010000110011110010011001110
110011000110000110011011001100
110011000110000010011000001100
111011000000010000011000011100
011000010000011000000000011100
011000011001011001000001011100
001100011000011001100100011000
101110000000000001100110011000
100111100011110001100110011000
110001111111111100000110111000
111100001111111111000000111000
111111100000000111110001111000
111111111111110000011111111000
111111111111111111000111110000