000000000000000000000000111100
000000000000000000000000111111
000000000000000000000000111111
000000000110000000000000111111
000000011011011111110001111111
000000001111111111100001100111
110000000000001111100011100000
111100000000001111100011000000
111111100000001111100111000000
111111111110000111001111000000
111110111111111111111110000000
111110000111111111111100000000
111110000001111111111000000000
001110000000011111110000000000
000000000000001111100000000000
000000000000001111100000000000
000000000000001111100000000000
000000000000001111100000000000
000000000000011111110000000000
000000000000011111110000000000
000000000000011111110000000000
000000000000011111110000000000
000000000000011101110000000000
000000000000011101110000000000
000000000000011101111000000000
000000000000111101111000000000
000000000000111101111000000000
000000000000111101111100000000
000000000000111101111100000000
000000000011111100111111000000