000111000000000000000111111100
000101100000000111110000100001
001111100000001111111001011111
010011100000001111111011111000
010101100000011111111100000000
101011110000110011100110000000
100101111000110101010110000000
011101111111111111111110000000
000101111111110000000111000000
000101011110100100010011000111
001111101110100000000011010000
001000100110100000000011011111
001010100011111111111110000011
001000100011001000001010000000
001010100111001000001011000000
011111111111000111110111000000
010000011111100000001111100000
010101011111110000111111100000
010000011111111111111111100000
010101010001111111111111101100
010101010011111111001111101100
111111111111111100001111110100
100000010011110000001111011100
101010011101000000000111111110
100000010001000000000111000010
101010011110000000000011110010
101010010010001111111011000010
101010011100100001000001110010
101010001000111110100001000100
101010101000000111110001111000