000000000000000001000000000000
000000000000000011100000000000
000000000000000111110000000000
000001000000000011100000000000
000001100000000010110000000000
001111111000000000000000000000
000111110000000000000000000000
000111100001111110000000000000
000111100001111111100000100100
000101100000011111110000111100
000000000000011111111001111000
000000000000011111111001111000
000000000000110011111000111100
000000000000110101111100100000
000001000001111111111100000000
000011000011111111111100000000
001111111000011111111100000000
000111110000000111111100010000
000111100000001111111100111000
000101100000011111111101111100
000000100010011111111011111110
000000000011111111110001111100
000000000001111111100000111000
000000100000111111000001101100
000001100000000000110000000000
000111111000000000111100000000
000011110000000001111100000000
000011110000000011111000000000
000011011000000000111100000000
000010000000000000101000000000