000000001111111100000000000000
000001111111111111000000000000
000011110000011111100000000000
000111000000111111110000000000
001110001111111111110000000000
001100111111111111111000000000
011111111000000011111000000000
011111000000000000111100000000
011100000000000000001100000000
011000000001111100011110000000
011000001111111111111111100000
001100110001010111000001111000
000110101001000110000000111100
000001011001101100111111111100
000010110000101111111111111110
000010100000001111111111111110
000110100000000111111111111110
100101100000000010111111111100
010101000100000110001011110000
011100001000000100001100110000
001101001010001100000101111000
100111111001001000100001111000
110110110011011000010010111001
011011110110011100011011111010
001111110110111101001011110110
001111011110101111011111111101
000111100111101111111111111101
000110111011111101111110111011
000011011101010011110101110110
000001100110001111001110001100