000000000000000001111110000000
000000000000000000111111000000
000000000000000000001011100000
000000000000000000011101100000
000000000000000000011110100000
000000000000000000011111100000
000000000000000000011110110000
000000000000000000001100000000
000000000000000000111110111100
000000000000000001111101111110
000000000000000011111011111111
111111000001000011111011111111
011111111101000111111011111111
000001111111111111011011111111
000000000010111110011101111110
000000000010000000111110111100
000000000000000001111111100000
000000000000000011111111100000
000000000000000011111111110000
000000000000000111111111110000
000000000000000111100011111000
000000000000001111000001111000
000000000000001110000000111000
000000000000001110000000111000
000000000000001110000000111000
000000000000001110000000110000
000000000000000110000000110000
000000000000000110000000110000
000000000000001110000000111000
000000000000111110000000111110