000000000011111111100000000000
000000001111100001111100000000
000000111111000000111111000000
000011111110000000011111110000
000110011110000000011111011000
001100110011000000110001101100
001001100001100001100000110100
011011000000110011000000011110
011110000000011110000000001110
111111000000111111000000011111
111111100001111111100000111111
111111110011111111110001111111
111111111111111111111111111111
111111100001111111100000111111
111111000000111111000000011111
111110000000011110000000001111
111111000000011111000000001111
110001100000110001100000011001
100000110001100000110000110001
100000011011000000011001100001
110000011110000000011111000011
010000011110000000011111110010
011000111111000000111111110110
001101111111100001111111111100
000111111111110011111111111000
000011111111111111111111110000
000001111111100001111111100000
000000111111000000111111000000
000000001110000000011100000000
000000000011111111110000000000