111111111111111111111111101111
111111111111111111111111000111
111111111111011111100000010011
111111111110001111000000000011
111111000000100111000000000111
111110000000000111100000001111
111110000000011111110111011111
111111000000011111101010101111
111111101110111111011101110111
111111010101011111111111111111
111110111011101111111111111111
111111111111111111111101111111
111111111111111111111000111111
111111111111111100000010011111
111111111111111000000000011111
111111111111111000000001111111
110011111111111100000001111111
100001111111111110111011111111
101100111111111101010101111111
100110011111111011101110111111
110011001111111111111111111111
111011100111111111111111110111
111111110011111111111111100011
111111111001111111100000001001
111111111100111111000000000001
111111111110011111000000000111
111111111111001111100000001111
111111111111101111110111011111
111111111111111111101010101111
111111111111111111011101110111