000011111111111111111111110000
000111110101110101011010111000
001111111111111111111111111100
011111110101110101011010111110
111111111111111111111111111111
110000000000000000000000000011
101111111111111111111111111101
001000000000000000000000000100
001001111111000000000011110100
001001001001000111110010010100
001001001001001100011010010100
001001001001001000001011110100
001001001111001111111010010100
001001001001000100010010010100
001001001001000100010010010100
001001111111000100010010010100
001000000000000100110011110100
001000000000000100110000000100
001000000000000100010000000100
001000000000000100010000000100
001000000000000100010000000100
011111111111111111111111111110
010001000000010000000100010010
010001000000011111111100010010
011111111111110000000111111010
111111111111111111111111111111
110000001111100000000011111111
110111101111000000000001110001
110000001110000000000000110001
111111111100000000000000011111