000000000000000000000000000000
000000000000001000000000000000
000000000000001000000000000000
000000000001111111000000000000
000000000000001000000000000000
000000000000001000000000000000
000000100000001000000010000000
000000100000001000000010000000
000111111100001000011111110000
000000100000001000000010000000
000000100000001000000010000000
000000100000001000000010000000
000000100011111111110010000000
000000101111111111111010000000
000000111111111111111110000000
000001111111111111111111000000
000011111111111111111111100000
000111111101111111011111110000
000111111000111110001111110000
001111111000111110001111111000
001111111101111111011111111100
001111111111110111111111111100
011111111111110111111111111100
111111111111100011111111111110
111111111111000001111111111111
111011111111110111111111110111
111011111111111111111111101111
111101111111111111111111101111
111011111111111111111111110111
000000000000000000000000000000