000000110000000000000001100000
000000011000001010000011000000
000000001000011111000010000000
000000001000110101100010000000
000000001000111111100010000000
000011001100110101100110000000
000001100100011111000100001100
000000100110111111101100011000
000000100011111011111000010000
000000110001110001110000110000
000000011111111011111111100000
000000000000111111100000000000
000000111111011111011111110000
000001100001111111110000011000
000011000011111111111000001000
000010011110111011101111001000
000010110111011011011101101100
000110101111111011111110100111
011100101111111011111110100000
000000101111000000011110100000
000000101111111011111110100000
000000100111111011111100100000
000000100111011011011100100000
000000100010111011101000100000
000001100001111011110000110000
000011000000111111100000011000
000010000000011111000000001000
000010000000001110000000001000
000110000000000100000000001100
011100000000000000000000000111