000000000000000000000000000000
000000000000000011100000000000
000000000000011111111000000000
000000000001111111111110000000
000000000011111111111110000000
000000000011111111111110000000
000000001101111111111101111000
000000011110111101111011111100
000000111111011101110111111110
000000111111101101110111111111
000000111111111111101111111111
000001110000111000111111111111
000111000011001001011111111111
001100110011000111001110011111
001000110000011110000101111111
011000000111110111100111111111
110011111100000110100011111110
111110000011000100000110000000
110000011011001100000111111100
011100011000111000001111111110
000111100011110000011111111110
000001111101111111111011111110
000011011101110110111101111100
000000011011101110111111111100
000000011111111110111111111000
000000001111111110111111110000
000000000111111110111111100000
000000000011111110011111000000
000000000000111000000000000000
000000000000000000000000000000