000000000000000000000000000000
000000000010000000001000000000
000111110010011111001001111100
001100011010110001101011000110
001000001010100000101010000010
011111111111111111111111111111
001000001010100000101010000010
001100011010110001101011000110
000111110010011111001001111100
000000000010000000001000000000
011111111111111111111111111111
000000000010000000001000000000
001100011010110001101001111100
001110111010111011101011000110
000111110010011111001010000010
000011100010001110001010000010
000111110010011111001010000010
001110111010111011101011000110
001100011010110001101001111100
000000000010000000001000000000
011111111111111111111111111111
000000000010000000001000000000
001100011010110001101000000000
001110111010111011101000000000
000111110010011111001000000000
000011100010001110001000000000
000111110010011111001000000000
001110111010111011101000000000
001100011010110001101000000000
000000000010000000001000000000