001111111111111111100000000000
010000000000000000110000000000
111011111111110111010000000000
111100000000000000011000000000
111100000000000000001000001111
111110111101111111101000111110
111110000000000000000111111010
011111000000000000001111100010
000001011101110110111111011100
000001000000000001111110001000
000001100000000011111011110000
000000101111010111110000100000
000000100000000111111111000000
000000100000001111000101000000
000000110111101011111001100000
000000010000001000010000100000
000000010000001111100000100000
000000011000011000000000110000
000000001000110111110110010000
000000001001100000000000010000
000000011111111101111111111110
000000011111111100000000000011
111111001100001000000000000001
111111011111111100000000000001
111100111011111110111111111101
111010110111111110000000000010
101100110111111111111111111100
010000110111111110000000000000
101000111111111110000000000000
010000011111111100000000000000