000000001111111111111000000000
000000011111111111111110000000
000001111111111111111111100000
000011111100000000001111110000
000111110000000000000011111000
001111100000000000000001111100
011111000000000000000000111100
011110000011111100011110011110
111100001111111111011110001111
111100011111111111111110001111
111000111111111111111110000111
111000111110000011111110000111
111001111100000001111110000111
111001111000000000111110000111
111001111000000000111110000111
111001111000000000111110000111
111001111000000000111110001111
111001111000000000111110001111
111001111100000001111110011111
111000111110000111111111111110
111100111111111111111111111100
111100011111111111111111111000
011110001111111110111111110000
001111000011111100011111000000
001111100000000000000000000000
000111110000000000000011100000
000011111100000000001111110000
000001111111111111111111110000
000000111111111111111111000000
000000001111111111111100000000