000000100000000110000000001100
000000110000000110000000011000
000000011000000111000000110000
000000011100001111000011110000
000000001111001111000111100000
110000001111111111011111000000
011100001110000000111110000111
000111011000111111000100111100
000011110011111111111011110000
000001001011010101101001111000
011111011111111111011110111111
111111011101111011110111111100
000001111110000100011101000000
000001100000101110000010000000
000001100000010011100010000000
000001101111100000111110000000
000001101110000000010110000000
000001011111110011111110000000
000011011001110011001110000000
000011011000000010011010000000
000011011000000010011110000000
000011000100000010110110000000
000001101110001110111110000000
000001101100000010111010000000
000011111001000110101110000000
000110011001100001111100000000
001100011001111111101100000000
011001001100111111011100000000
111011001100001111110100000000
111011011101000000111110000000