000000000000000000000000000000
000000000000000000000000000000
000000011100000011000000111110
000000000110000010000011111110
000000000010000110001111100110
000000000011000100011100000110
000000000001001100111000000110
001110000001001001110000000010
001111100001101011100000000010
001101111000101011000000000010
001100011100111011000000000010
001100001110111110000000000110
001100000110111110000000000110
000110000011111100000000000110
000111000000011110000000000100
000011000000011111000000000100
000001100000001111000000000110
000001100000001111100000000110
000000110000000111100000000110
000000111000000111110000000110
000000011000000011110000000110
000000001100000001110000001110
000000001110000001110000001100
000000000111000000111000011000
000000000011100000111100111000
000000000001110001101111110000
000000000000111011100011100000
000000000000011111000000000000
000000000000001110000000000000
000000000000000000000000000000