000000000000011111000000000000
000000000000110001101111000011
000001111000100000101101000111
000011001110110100100001001100
000010000011101000110001001000
000010000001111010010001001000
000010000000111100010011111110
000010000000011111010111111111
011111000000001110111101111011
111111110000000111111010110101
111100111100000011001010110101
111001111111100001101101111011
111011110011111101110111111111
110011100111111111010111111111
110111001110111011100011111110
011111001100111000000010111000
000111111101111100000110010000
000000011111101111111100011000
000000000000000000000000001000
000000000000111111110001111110
000000000011100000011111000011
011111111100111111101100000001
110000000011111011111011000001
100001111111011111011111100011
100011001111111111111100111110
110000111011010010110110000110
011111100110110010010011000010
000010000100100000010000000010
000011000001100000111100000110
000001111111111111110111111100