000000000111111111111100000000
000000111100000000000111101100
000111111111111111111000011110
001111100000000000000111100110
011110000011111110000000111110
110000000110000011000000011100
000000000111111101000000001100
001111001111111111100000001100
001101110000000111110000001100
000110000000000000111100001100
000011111111111100000010001100
000000011101111111111101001110
000000001100110111111111010011
000000010100000101111110010101
000000010110000001100000100111
000000010000010011111000100111
000111110111100001100100100110
011111111011001001001110101100
111111111100011011001111101100
100001110111110010011110101100
100000011001100110011110101100
110000001101111110011110001100
011000000101111110011110001100
001111100101000010011111001100
001110100010110001101111111100
001110010010110001100011101100
111111110010000000000001001100
000000010110001110001111001100
111111111111111011111111001100
001110000111111011111001101100