000111100001100010000000001110
001100110001100110000000011011
001000110000111100000000010001
001000010000000000000000011011
001100110000000000001111001110
000111100000000000111111100000
000000000000000000111111111000
111000000000000011100011111100
001100111100000110000011111110
000100100101111100111001111110
100111110101000000001100111111
110001110101100001000100111111
011111110100111001100000111111
000000100100010000111001111111
000000111100111100000001111111
000000111000000111000000001111
110000010000110011000000101111
011000010000111110000000001111
001000110000010000000001111111
001001111000011100000001111110
111011011100001111100000111100
110010010100000011000011100000
000010010100000110001111100000
000011000100001110111111110000
000001001110001111111100010000
000011111011001011111000011000
000011000011011011011000011100
000001100001110000110000000100
000000110000110001100000100110
000000011000011011000001100110