000000000000000000000000000000
000000000000000000000000000000
000000000000000011111110000000
000000000000000011111111100000
000000000000000010101011111000
000000000000000010101010111000
001110000000000010101010101100
011011000000000010101010101100
010001000000000010101010101100
000001000000000010101010101100
000001100000000010101010101100
000000100000000011111111111100
000001111111111111111111111100
000011111111111111111111111110
000001000000000000000000000100
000001000101000101000101000100
000001101111101111101111101100
000000100111000111000111001000
000000100010000010000010001000
000000110000000000000000011000
000000011111100000001111110000
000000001111010000011110100000
000000011111101111111111010000
000000011100101000111001010000
000000011100111000111001110000
000000011111111000111111110000
000000001111110000011111100000
000000000111100000001111000000
000000000000000000000000000000
000000000000000000000000000000