000000111110000000000000000011
000001100011000000011110000111
000011011101100011110011000100
000110111110110011111001001101
001101110011011000110011111111
011011100001101100011011111110
110111000000110110001001111110
101110111000011011001100001100
111101100100001101000111111100
111001001111000111000000110101
011001000110000100011111101011
011001101000000000100011111111
011011001100001110001111110110
011010001110110110011100000100
011010000111101100000000001100
011011000001110000011110010001
011001100111001011110111000001
011000111100001001110011000110
011000101000001000011011000011
011001111111001000011101110001
011010000000101000001101111000
011001111111101000001001111111
011111111111111000001100111111
101111111111111001000111111110
100000010100000000110001010000
110110011100010100011101010000
011100011101101101100111111000
001101010100110100110011111110
011011011100110110001111111111
011010011100011010000000001111