000000111111000000000111111000
000001111101111111111101111100
000001111011111111111110111100
000001110111111111111111011100
000001110111111111111111011100
000000101111111111111111101100
000000011111111111111111101000
000000011111001111100111110000
000000011110111111011111110000
000000011110101111010111110000
000000011111110000001111110000
000000001111001110001111110000
000000001110001110000111100000
011000000110100100010111100000
100100000010011011100110000000
100111001111000000001101100000
100111111110111111111011111000
111111111101100100111011111100
011111111011011011001011111110
001111111011100100111100111111
000001111111101110111111001111
000000000111011111011111110011
000001111111111111111001110001
011111111111111111110111111001
100111111011111111101100001111
100011111011111111101000000100
100011111101111111101000000100
100011111111111111111000000100
010011100000000000001100001000
001110000000000000001111110000