001111011111000000011100000000
001001110011100111010110000000
111100101111110100111010000001
100110101100010110011011000011
110001111001110010011001000110
111000111011111011001001001110
011111101110001101101101011100
110001010111000100100101111000
100011111111100100110111110000
101111100011111100011111011100
111111000001110000101101100110
011011000011000000110100110011
100011101010000000000010011001
110001111100000011100011001111
110000011000000110110001001000
101000001100000100011001101000
110100011000000100001110101000
111010001100000100011010011000
111010000110011110011101000000
111101001100110111011111000000
011110100100100101001111000001
011110100100101101100110000011
001110110101101001010000000011
001111010101001000110000001101
000111111101011000000011111011
000011111101010001111111110110
000001111101010110000000001100
000000011101011101100000111000
000000001111011111111111110000
000000001111011000011111000000