001111111000000000000000111000
001000101000000000001001101100
001000111000000000001111011110
111110101001111100000110111110
101010111011111110000011111100
111110101011000010000001111000
101010111011010110000000110000
111110101011000010000000011000
101010111011001010000000101000
111110111011000110000001100100
101010111001111100011111111100
111110000011111111111111100000
000000000111110011111100000000
001111111111110011100000000000
010001111111110011000000000000
010001111101110011100000000000
001111000001110001110000000011
000101000011110001110000000011
000100000011111110111111111111
100100100011100000000000000111
111111100001100000000000000111
111111100011000111110000000100
011111000110001100001111111100
011111000100111000000000000000
011111000100001000000000000000
001110111110000111111111111111
001110000011000011110000011111
001110111101100011111111111111
000100000011111100000000000000
000100000011111100000000000000