111111111111111110101001110000
111111111000011100101100111000
111111110000001001100110011100
111111100000000001000011001110
111111100000000011000001100111
111000100000000010000000110011
110000000000011111110000111111
100000000000010010010000111111
100000000000110110110000110011
100000000000111111100000110011
100000000001111011100000111111
110000000011111011100000111111
111100000011110111100000110011
111110000111101111100000110011
111000011111111111000000111111
110000111000001110000000111111
110011100101000010000000110011
100110010111101101000000110011
101100011111111101100000111111
101000111111111100110000111111
011100111111111100010000110011
110100110111111101011000110011
100111110001111111001011111111
100010101000011101111011111111
101110100000111011001011111111
111000101111001010001011111111
000000101001011011011011111111
100000111001010001110011111111
111000001111110000000011111111
111110000000000000000011111111