000000001111111111111000000000
000001111000000000011110000000
000111010000000000000111100000
001100000000000110000011110000
011000000010001111000010110000
010000000110001011000001011000
110000101100001001100001101000
100101001000001101100000101100
101011011000000101100000111100
011011011000000100110111010100
011110010011100100111111110100
011110010111110100111101110100
011110010111011100011011010100
011111010101101100011100010100
011111011000011000001110110100
001111011000010000000011100100
101111101100110000000001101100
100111101101100000000001101000
110011110111000001111110111000
011001110011000000111110110000
001100110010000000011100100000
011111000110000000001000111000
111111111111000001111101111100
111111111111100111010111111111
111111010000111011001011100001
111110100000011101001011110000
111110100000011111100110011010
111111110101011111111101101111
000000011111110000000100101000
000000000000000000000110011000