000000000001110111000000000000
000000001111011101111000000000
000000001001101011001000000000
000000011100111110011110000000
000000010011000001100010000000
000000111110011100111110000000
000000100011000001100100000000
000000111100011110011100000000
000000001000101011001000000000
000000001111011101111000000000
000000000001110111000000000000
000000000000001000000000000000
111100000000001000000000000000
111111000000001000000000001111
110011110000001000000000111111
111100111100001000000011111111
111111001110001000001110111101
011011110111001000111001110100
010011011111101001100111110000
000010001111111011011111010000
000000101110011111100110000000
000010111001111101111001001000
001011110111110110111111011000
001011101111000111001111111000
011110011111100011110011111010
011101111000001111111001111010
111111111100000001111110111110
111111100000000111111111011110
111111110000000000111111101111
111100000000000011111111111111