000000000000001101110000000000
000000000000011111111000000000
000011100000111111111100000000
000111110001111111111110000000
000111110001111111111110000000
000011110001111101111110000000
000000110001111000111110000000
001110011001111000111110011100
011111001100111001111000111110
011111100100111011110011111110
111111110010011011100111111111
111110111011011011100111111111
111100011101101011011110001110
111100001110110010111100001111
011111100001010001100000001111
011111111111011000011111111111
011111000000101101101111111111
001000111111100000110001111110
000111111111001110111100011100
011111111000110110011100000000
111111000011110110011111000000
111110001110001111001111110000
111110011110011111000111110000
111111111100011111000111111000
011111111100011111000111111000
000111111100011111101111111000
000111111000001111111111111000
000011110000000111111111110000
000000000000000111111111100000
000000000000000011110011000000