111111011011011101101110111011
111111011011011101110110111011
111010111011011100110111011101
110101110110111000111011011110
110111101101110000011011101111
111011011011100011111011101111
111100110111001100000111110111
111111000000110011110011111011
111101110000000101111001111101
111000111000000101111001111101
111000111100000001110000111101
111100110100000000000000111110
111100000100000000000000011110
011100000100000000000000011110
011100001100000000000000011111
011100011000000000000000011011
011100010000000000000000111011
011110011000000000000100111011
101110001100000000001101110110
101110000100000000001111101110
101111000000000000000111011101
110111000111111000000001111011
110111000010010000000011110110
110111100011100000000111101110
111011010000000000001111011101
111011011000000000011110111011
111011011100000000111101110111
111101011110000001111011101110
111101101111000111110111011101
111101101111111111101110111101