000000000000000000011000000000
000011111111000000111000000000
000111010011100000110000000000
000101110011110000111000000000
000111011111110000011100000000
000011111111110000001100000000
000000000011111111101100000000
001110000011111111111100000000
001011100001111111111110000000
011111111100111111111111000110
010100111111111111111111001111
011100110000111111111111011111
010111001111000001111111111111
001110111111111110111111111111
000001111111000001011111111001
000001111111110001011011111001
000001110111110001010011111111
000011110000101101111000010101
000011111111111101101000011111
000110111111111111101100011011
001100111111110111110110001110
011000011111110111110110000000
111111111111111011110111000000
000000011111111011110111100000
000000001111111101110111100000
000000001011111111100100100000
000000001000111111001110111000
000000001001100000001011101000
000000001111000000001110111000
000000001100000000000011100000