111111110000000001111111111111
111111000000000000011111111111
111110000000000000000011111111
111000000000000000000001111111
110000000000000000000000111111
110000000000000000000000011111
110000000000000000000000011111
100000001111011110000000001111
000000010001010001000000001111
001000010001010001000000001111
001000010111011101000001001111
001000010111011101000001000111
001000011111011110000001000111
001000000001110000000001000011
001000000011111000000001000011
001000000001110000000001000011
001000001000100011000011000011
001100001100100011000010000011
000110000111011110000110000011
100011100010101000000111000111
111111111010101000011111110011
111110001110101111111111111001
111110000010001000000001111001
111110000011011000000001111000
111110000001110000000000011000
111100000000000000000000010000
111100000000000000000000000000
111100000000000000000000000000
111000000000000000000000000001
111000000000000000000000000011