000001110000001100000000000000
011111110000011110000000000000
111111100000111011100000000000
111110100000110000111000000000
111100110001100000001110000000
111001010001100000000011111000
110101010011100000000110111100
100100110011000111101100011111
100001110111000100101100001111
110011100110000100111010101111
111111001100000110011000001110
100001111101100011001001001100
001001010011110001101101011001
101001110011111100100111110011
101111110000011110110000000110
100010100111000011011110111100
110010101111111001011111111100
011111101100001100011110111100
000001001011100110001000000100
111111001011110010001111000100
111111111011110011001101110101
111100000001110001011110011101
111000011111110000111011100101
110000111111111111101100111101
111110111111111010110110000101
111100011111110010010011001101
111111000000011011011001111001
111111000000001101101100110011
111111111100110110100111100111
111110000111100011111110001111