000000000000000000000000000000
000000000000000000000000000000
000000000010101000000010100000
000000001111111110000111110000
000000111111111111100111110000
000001111111111111110111110000
000011111111111111111011110000
000111111111011111111101110000
000111111000001111111111100000
001111110001000111111111110000
001111100001111111111111111000
001111000001111111111111111000
001111000000111111111111111000
001111000100001111111111111100
000111101100001111111111111110
000111111000000111111111111111
000011110000001111111111111111
000000000000001111111111111111
000000000000011111111111111110
000000011111111111111111111100
000001111111111111111110111100
000111111111111111111100001100
001111111111111111111110000100
011111111111111111111110000000
111111111111111111111110000000
111111111111111111111110000000
111111111111111111111100000000
111111111111111111111000000000
000000000000000000000000000000
000000000000000000000000000000