000000000000000000000000000000
111011111101111111111111111101
111111111111111111101111111111
111111011111111111111111110000
000111111111111011110000000000
000001111111111111000000000000
000000011111111110000000000000
000000001100000010000000000111
000000011000001011000100001100
101000110000001001101100101100
111101100000011100111110111000
111111100000111110011111110000
111111000001100011011111110000
111110000001111111001111100000
111110000011010101100111100000
111100000110000000110011000000
111000001111111111111010000000
110000001111010101111110000000
111000011111010101111100000000
001110110000000000001100000000
000111111111111111111000000000
000111111110001100011000000000
111111111110001100110000000000
000011111111111111100000000000
000001111000110000111111111111
000000000000000000000011111111
001111000000000000000011000110
111111110000000111110011000110
111000111100111111111111011111
000000001111110000001111110000