000000000000111111100000000000
000000000011111111111000000000
000000001111111111111100000000
000000111111111111111110000000
000001101111111110001110000000
000010111111111101100111000000
000010001111111101110111000000
000011111111111101110111100000
000111100000111100000111100000
000111101100111110001111110000
000111100000111111111111110000
001100111111100111111111110000
001000000000000011111111111000
001000111111110001111111111000
011001100000011001111111111000
010011001111001100111111111000
010010011001100100111111111011
010010010100100100111111111100
011010010111100100111111110000
001011011000001100111111111111
001001001111111001111111110000
001101100000000011111111101111
000100111110000111111111000000
000010000000011111111100100000
000101111111111111110001100000
001110100111111100000001110000
111111000000000000000001111000
111100000000000000000001111100
000000000000000000000000111000
000000000000000000000000111000