000000011111111100000000001100
000001111111111110000000000110
000011111111111111000001110011
000111111111111111110011111001
000111111111110001111111111101
001111111111100000111111111100
001111111111101100111111111100
001111111111101100111111111000
001111100011110001111111110000
001111000001111111111111000000
000111011001111100001100000000
000111011001110000000110011100
000111100011100000000010111110
000111111110001100000010111110
001111111100011100000010011111
001111111000011100000110001111
011111111000000000001111101111
111111111000000010111111111111
111111111100000001110111111111
111111110110001111000111111111
011111110111111111001111111111
001111100011010001011111111111
000000000111110001111111111111
100000001111111111111111111111
111000001111111111111111111110
001100001111111111111111111110
000000011001111110001111111110
000000010000111100000111100010
000000110000110100000111000010
000000111111110111111101111110