000000000000111111100100000000
000000000111111111111110100000
000000011111110001111111101000
000001111110001111100001111000
000011111001111111111110001000
000111100111111110000011110100
001101011111110001111111111110
011011111111001111111111000010
000111111110111111111001111101
001111111011110011110111111111
011110110111001111101111110011
111101101110111111111111111101
111101011001110000110111001111
101011000011000000101110111111
101010000000000000011101111111
000110000000000000011111111111
000101100001100000011110011110
000101110001110000001100001110
000101010001010000001101101110
000111110001110000001001011100
001000000000000000001000011100
001000000000000000000000111000
001111100000000000000001111000
000110000000000000000000111000
000010000000000000000000010000
000011000000000010000000010000
000001100011000111000011100000
000000110001111000000111100000
000000011100000000011111110000
000000000111111111111111111100