000001111111111100000000000000
000011111111111110000111100000
000011111111111110000110100000
000011000000000110000111111111
000001111111111101110110101010
000001100110011111000111111111
000001101110111101100111111111
000010111111111100000110000001
000100000000000100000001111110
000100000000000100001111110011
000111110000000100111111111101
000001000000000101111111101111
000001011111000111111111000111
000001000111001111111110101011
000000100000111111111110101111
000001011111001111111111000111
000010000000001001001111101011
000111111111101001000110101011
000111111111101001000111000111
000100000000000111101111101111
000100000000000000001111111111
000011111111111111111011111111
000001111111111111110001111110
000000110000000000100000000000
111001100100000000011000000000
101110001111100000011110000000
111100000010011100111110000000
111111001100000011111110000000
011111111000000101111100000000
000111110000000111111000000000