110111100000000000000000000100
110111101100001100000011111100
110111100110111000000111111111
110111100011100000001111111100
000000001111111100111111111011
110111101001000100100000001010
110111101001000100111111110110
110111101111111100100000010100
110111101001000100101101111100
110111101001011100100011001000
000000001111110100111110001000
000000011110010110100000001110
000111110010011111010000011111
011100000010001111101000111111
110000000111100111111001111111
000001111100110011111110111111
000011111110010001111111111111
011111111111001000111110111110
110111000001101000001111111110
000110000010101100000111011111
000110010110101111110111111111
000110110000111000011011111111
000010000101110111101111111111
100011000011111100111011111111
110101111111110000011110111111
011111111110000011111111101111
001111110000011111111111111011
011000000011111111111111111101
110000011111111111111111111110
000111111111111111111111111111