110111111110011110111101111111
111111000110001111101111001101
111110000011000111111110000111
111100111001011111111100000011
011001111101100000110100000011
111011111100000000011110000111
111010111100001100011111001111
111101011001101110001101111011
111110110011110111001111111111
110011000111011010001011111110
110001001110101010011011110111
110000001101011011110001111101
011100000110110000110000111111
111110011011100001111000011111
111110011000000011001100001000
101110011111100110001111001000
111110001100111100000011111000
111111000000110111000001100000
011111000001100011100000110000
110111111111110000110000011000
111111110000111000011000001100
111111000000011000001100000110
101100000000001100000110000011
111000000000000110000011011001
110000000000000011000001110001
110000000000000001100000110001
100000000000000000111110010011
100000000000000000001100011110
000000000000000000000100110000
000000000000000000000111100000