111111111000111000000000000000
111111110001101100000000000000
111111011001010110000000000000
111111100011111011000000000010
101101010010101101000000001111
111110000111100101000001111110
110101000101000101000111111100
111000000101100101111100001100
010000000101101101111000011000
101000011101001100111100011000
100000110000000001110110110000
000011111110010011011011100000
000111100000111000101011000000
001111011110001110000001000000
011110100001100000001001100100
111110000111001111001100111000
110101110000111011110100010110
000111000111100101111000011100
001110010000000000101100110000
001100100110000010111100100000
011101110011111000001000100000
011101010010000111000100110000
111110001110000000100000010000
101110101000011110010100010000
001110010111000001100111010000
011111111100000110010010110000
011101110011000011000101100000
111001100111110001111011011000
110000000111111000011101101110
111000001110001111111000110000