000000000000011111000000000000
000000000000111111111000000000
000000000001111111111110000000
000000000111111111111111100000
000000001111111111101111110000
000000010110111111110111111100
000000011111011111110111111100
000000011110111111110111111110
000000001111001111110111111110
000000011111111101100111111110
000001111111111110101111111110
000011110001110111101111111110
000101100000000110101111111100
001001000000000100101111111100
001111000000101111110111110100
000110010001110011110111101000
000000111110001101111011101000
000000000000001100011100011100
000000000000001111001111111110
000000000000001111101111111110
000000000000001111101111110010
000000000000001111011111100110
000000000000011101011111111110
000000000000011100011111111110
000000000000011101111111111110
000000000000111111111111111110
000000000000111011111111111110
000000000000110011111111111110
000000000000110111111111111110
000000000000011011111111111110