000011111000001111110000000000
001111111110111111111110000000
011111111111111111111111100000
000011111111111111111111100000
011111111111100000000111110000
111101111111000000000011110000
100011111110000111100011110000
011111111100001111110011110000
111111111100011101110011110000
111111111100011111111111110000
100011111100001111111100000000
000001111110000111100011111000
001001111111111111011111111100
011001111111111110111111111110
111001111111111101111111111111
111100111111111011111111111111
111100011111111100111111111111
111110001111111111000011111111
111110000000000111101011111111
111111000000000111111011111111
111111100000110011111011111110
111111111111111000000011111110
111111111111111110000111111100
111111111111111110001111111000
111111111111111110011111110000
111111111111111110000000000000
111111111111111100000000000000
111111111111111100000000000000
111111111111111000000000000000
111111111111111000000000000000