110000000000000000000000001100
111011011110000000111011011100
101101110011111111100100110100
111010011100000000011011011100
111101100110101010110110011100
001010001011111111110001100000
001110101111111111111010100000
001110010110011000001011100000
001100011110011000001001110000
011000001100011000001100111100
011000000100011000000110001111
010000001000011000000011100011
010001001111111111111111111001
010001001000011000000001111000
010001101111111111111111101100
010000101111111111111111100101
011000110100000000000001100111
001000011110000000000001100110
001100001111000000000001101110
000100000111111000000001101100
000110000001111110000001101100
000110000100001111100001101001
000111000011100001111001101001
000111110000111000001111101101
000100011000011100000110100100
000111111100001100100011100110
000000000110000110011001000010
000000000010000110001100100011
000000000011000011111110110001
000000000001111110000011110000