000011111111000000000000000000
011101111111100000000000000000
111011111100110000000000000000
111011111011011100000000111100
110111110111100100000001000011
000111110101101001110010110011
001111110000001010001111100111
011111111000010011111001111111
001111111100010001110000000000
010101111000001000000000011111
001011110111110000000000010001
000000011110000111111111011111
000000110011000111111101010001
000001100001111011111101010001
000001001000010000111011010001
000011001100010001110110010001
110110000111111111111111111111
101100000110000000000000000000
101100001111111111111111111111
101010101001111000000101000000
101111111110101001011111000010
101111111111001001101110000001
101111111111001001111110000001
101111111111101100111101111111
100000000111111100011111111110
101111110111111100001111111110
101100010101111000001111110111
101111110101101000001011001111
101111110100001000001011001001
111000011100000000010110011011