000000000111111100110000011100
000000001111111111010000111111
000011101111111000100000011110
000010011110000111000001111111
000001100001111100000011011101
000000011111100110000000111110
000011101111001010000001111111
111111101110000100000011111111
111111010110000100000110011111
011111101010011000000000111100
011110110101111110000011111110
001100011011100011000111011111
001001111101100001000000110111
000011000110110001000001110111
000010000011011001100011110110
000010000001101100100000110111
000010000110110110100001110111
000011000011011011100011110101
000001000111101101100000010100
000001000001110110110000010100
111111100000011111011111110111
000000100000000011111100000000
001000110001001111000110000000
010000111010011000000010000001
111010101110110000000011000011
110100100110111111111101000001
111110100011110100100111001111
111100100000000101100000010111
111010111111111111000010101011
111111001111111111000101111111