000000000011000000000011110000
000000000111000000000110001000
011000000001011110100100110110
111000000001111111100100101111
001011110100111111100110011000
001111111100111111000010010000
000111111100011100000010010000
000111111000010110000010010000
000011100000010011000011010000
000110111000100000000001010000
000100001000000000000001011000
001100000000000000000001001000
000000000000011111110001001000
000111100111111111111001001000
001100111111111111111111001000
011000001111111111111111001000
010011111111111111111111001100
110100111111111111111111100100
100011011111001111111111100100
110100111001110011111111100110
010001101100011100001111111110
100000110110000011111111111110
110001110011110000011111110110
011111101000000000111111110110
000001100111100011111111101100
000001111000000111111110011100
000000111111111111111111111000
000000011111111111111111100000
000000000011111011111100000000
111111111100110001100011111111