000000000000000000000000011111
000000000000000000000000110001
000000111111000000000001101101
000000110001100000000001011001
000000011000110001111101011011
000000001110011111011111010110
001000000110011111110110001100
001000000011110010101100111000
011000000011100000000000101110
011000000001000000000000001111
111000000001000000010000011101
101000010011000000001100111011
101100011010011110000111110111
101100011110000011100011010110
101110010110000000100111010110
101111001010011100000110010100
100111101100111111000111010100
110111111000101100001011010110
010011111000010000001011011010
011001111000000000011001011011
001111111100000000111011011011
001100110000000011110011011011
000111100000111111110001011011
001100000100111100001011010011
001010000100000011011110110011
001000011100011101111100110110
001101111000011111010001110110
000111110000010011111111100110
000001100110110000011111100110
000000111111100000001111001110