111111111111000000111100000000
111110110111100001111110000000
111111111110100001000110000000
111101111011110001101010000000
111111101111010001000111000000
111011111111110001110101110000
111110111101111000111100011000
101111110111101001100000001100
111011011110111001100000000100
111111110011100011000000000110
101000000000000011010010010010
111000001100000010010110010010
000000011110000110011100010010
000000011111100100111000110010
000000111001111110111001100010
000000111000011011110001111110
000001000100001111010111111110
000001101100000010011111111110
000001111100000011111111111110
000001111100000001111110111110
000001111100000001111100111110
000001111100000001111100111110
000001111100001111111000111110
000111111111001100011000111110
001101111101101111001000100011
001001111100100111111000111001
011000111000110001111000011111
011100000001110000000000000000
111111111111111000000000000000
111111111111111000000000000000