000101010101010000000000000000
111111111111111111111111111111
000101010101010000000000000000
001111111110011000000000000000
001110011111111000000000000000
001101101111111000000000111100
001101101111110000000001100100
001110011111101000000011100100
001111111001101000000011100100
001111110110110000000000000100
001111110110111000000000000100
001100111001111000000000000100
001011011111111000000000000100
001011011111001000000000000100
001100111110110000000000000100
001111111110110000000000000100
001111001111001000000000010100
001110110111111000000000011100
001110110111111000000000010100
001111001110011000000000000100
011111111111111111111111111110
011000000000000000000000000110
011011111111111100000001110110
011001111111110001111111100110
001100111111000000111111001100
000110011000000011111100011000
000010000000000000000000010000
000010111111111111111111010000
000111100000000000000001111000
111111111111111111111111111111