000000111110000000011110000000
000001100011000000111111100000
000001000001100001111111111000
000000000000110011111111111100
000000000100110011111111111110
000000001100011011111111111110
000011111000011001111111111111
000111110000011001111111111111
001110000000111000111111111111
001110000000110000011111111111
001111000000110000001111111111
000111110000111000001111111111
000011111100011100000111111111
000001111110001111001111111010
000000000111000111111111111110
001110000011100011111111111100
011111100001111111111111111100
110001110000011111111111111000
100000111100001111111111111000
100000011111111111111111111000
110000000111111111111111111100
001000000001111100000111111110
000000000111110000001111101110
000000001111000011111111000111
000000011110011111111110000011
000000111100111111111000000011
000011111000110000000000000111
000111110001100001111100001110
001100000011000010001111111110
001000001110000000000001111100