000000010000011100000000000000
000000011100111000000000000000
000000001111110000000000000000
000000001111111100000000000000
000001111111111111110001111100
000011111111111111111111111110
000000011111111111111111100111
000000111111110001111111000011
000001111111100000111111100011
000001111111100000111111110011
000011111000110100111111110110
000011110000110001111111111110
000111110010111111111111111110
001111110000111111111111111100
111111111001110111110000111100
111111111111011110000000011110
110111111111111000000000001110
100011111111100000000000000110
100011111110000000000111000110
110011111000000000000111000110
111011110000000000001110001110
111111110000000000001110001110
011111100000000000011100011100
000011100000000000111000111100
000011100000000001100001111000
000001110000000010000011110000
000001111000000000001111100000
000000111110000001111110000000
000000011111111111111000000000
000000000111111110000000000000