000001111111111100000000000000
000111000011110110000000000000
001100011111111010000000000000
001010101111111010001111110000
001111111100111110111111111100
110111111000001101111111111110
011111110000000101111111111111
101111111111111101111111111111
011111101111011100100000011111
111111000111011101011001101111
111111000000001001101010101111
111111100000000101011000001111
111111100100001101010000001011
111111000011101001011000001011
011111000001101001000001000011
000011100000011111000111001010
001111000100111111100111001010
011110000011111100010111011011
111100000000011100011000110110
011100000000011000001011101100
011000000000011000001100011000
011000010000011000000111110000
011000010000011000000100000010
011000010000011000000111001111
011100010001111100111101110000
011111101111111100100000010000
011111111111111110100000010000
011111111111111110100000010000
011111111111111110110011110000
001111111111111110011110111111