000000000000000000000000000000
000001111110111111111111111111
000011000111000001111101111101
000110111011100000000111101111
001101111011110000000001111111
001011111010111000000000110111
011011110100011100000000011101
010111100100001110000000001111
110111101111000111000000000111
101111001111100011100000000101
101110011111111001110000000011
101100111111111100110000000011
110011111111111110010100000011
011111111111111111110110000001
000111111111111111101111000001
000001111111111000101111010001
000000011111110111011111011000
000000000111110111011110111100
000000000001110111011110111100
000000000000011000111101111010
100000000000000111111011111011
100000000000001111010111110111
110000000000001011100011101111
110000000000001011100000011110
111000000000011011110000000000
101100000000110111111000000000
111110000011111111111110000000
011011100111111111111111000000
111111110111101111101111000000
000000000000000000000000000000