001111111000000000000000000000
011010010100000000000001110000
011011010100000000000011001000
101101010100000000000110010100
100101101010000000000100000100
110111011110000000000110001110
111010111111111110000010011110
101101111111101111110010010111
100101110111011111111011010011
111011101110111111111001011001
101111001110111111111101001001
110111001111111100000101001000
011111001111110000100111101100
001111001111101000100011100100
001111101111001001100001100100
000111110110010001000001110100
000011111000010001000001111100
000011110111010001000001111100
000111101100011001100001111000
001110110011001000110001111000
000001101110001100011011110000
000111011000110110000011100000
011111000111100011001111000000
001111101100011001011100000000
000001111111111111110000000000
000000001111111101000000000000
000000000000101101100000000000
000000000001010110100000000000
000000000001010001010000000000
111111111011101011101101111110