000000000000000111110000000000
000000000000011111111000000000
000000000000111101111100000000
000000000000111110111100000000
000000000001111110111100000000
000000000001011110111110000000
000000000001101110111111110000
000000000001101110111111111111
000000000011101110111111111111
000000000011101111011111111111
000000000110011111011101111111
111000011111111111011101111111
101111111111111111011101111111
111111111111111111011101111111
111111111111111111011110111111
011111111111111111011110111111
011111111111111110111110111111
001111111111111110111110111111
000111111111111101111110111111
000011111111111001111110111111
000001111111110011111110111111
000000000000000011111111011111
000000000000000011111111001111
000000000000000011111111000111
000000000000000011111111001011
000000000000000011111111001101
000000000000000011111111001111
000000000000000011111110001111
000000000000000001111110011111
000000000000000000111100111111