000000000000000000000000000000
000000000000000000000000000000
000000000000011000000000000000
000000000000011100000000000000
000000000000000100000000000000
000000000000000110000000000000
000000000000000010000000000000
000000000000000011000000000000
000000000000001111110000000000
000000000000011001111000000000
000000000000110011111110000000
000000000000110111111111000000
000000000011110111111101000000
000000011110111111111101100000
000011111111011111111011110000
001111111111100111110111111000
011111100011111000001110011000
010111111100001111111001111100
010011111111110000000111111110
011000110011111111111111111110
011111100001111101111111101110
010111111100111000011111000110
010001111111110000001110000100
011000000111111111111111111100
001111000000001111111111111100
000011111100000000000100000100
000000001111111000000000000100
000000000000011111111111111000
000000000000000000000000000000
000000000000000000000000000000