000000000000000000000111001111
100000000000000000000000111111
100000011100000000011100001111
100001100000000000111111101111
100110000111100000110011111111
100100011111100001100111111111
111100111101100001000011011101
111111111111000000000001110001
111111111101000000000000000000
111111101000000000000000000001
111111111100000000000000000001
110000110000000000000000000001
110000000000000000000000000001
110000000000000000100000000001
111000000000001101110000000001
111100000000001111100000000001
111110000000000011000000000001
111110000000000000000000000011
111111000000000000000000000011
111111100000000000011100000011
111111100000001111111111000011
111111110000011100001100000011
111111100000001100011000000111
111111110000000111110000000111
111111110000000000000000000111
111111111000000000000000001111
111111111100000000000000011111
111111111110000000000000111111
111111111111111000000011111111
111111111111111111111111111111