011111110000000000000111111110
110000011000000000000100000111
100000001000000000001100000011
100001111000000000001000000011
100011111000000000001000000011
110000011100000000001110111111
010000000111000000001100111111
011000000001000000011000001111
001000000001000000110000000111
001110011111000000100000000111
000110001111100000111111000110
000111000000100000011111100110
000111100111100000010000000110
001111100111110000010000000110
001111110000010000011111001110
001000111000110000011111101110
001100011111100000010000001110
001100000110000000011000001100
001110000011000000001111111100
000111000001100000001111111100
000111000000110000011001111100
000111110000011000010000101110
000011111100001000010000011110
000011110000001100111000101110
000111111110000110100000011111
000111111100000010100000101111
000111111110000011100000011011
000011100011110001000000010111
111111110000000001000000001101
111111111111111111000000011011