000000000000000000000000000000
000000000000000000000000000000
000000000000000000000000000000
000000000000000100010000000000
000000000000001100010000000000
000000000000001100011000000000
000000000000011100011000000000
000000001000011111111100000000
000000011000011111111100000000
000000110000011101101100000000
000000110000111101101111100000
000001110000111111111111111111
000001100000101111111111100001
000011100000101111111111101101
000011100000110111111111110011
000111110011110111111111111111
000111111111111011111111111110
000111111111111101111010110110
001111111111111110110101101010
001111111111111111101101111110
001101111111111111101111101010
011111111011011111111101000000
011011110110111011111100000000
011110111110111011011110000000
010111101111110111010110000000
010101101101110110110111000000
011101011101111111111111100000
001111011011101101111011100000
000000000000000000000000000000
000000000000000000000000000000