000000000000000001111111100000
000000000001100001111111111101
000000011111111111111111111011
000000111111111111101111110111
000001111111100011100100100111
000011000000000011100110001111
001100110001111100110110111000
000000110011111110110011110000
000001100000101110110111100010
000111000000000011111001110111
000110000111000000011000111100
000110011111100000001110111000
110111111111110000000111111000
011111111111111111000000110000
001111111111101111100000110000
000000111111011111110000110000
000111111110111111111000110000
000011111101111111111110110000
000000111011111111111111110000
000000011111111111111111111000
000000001111111111111110111100
000000000111111111111110110111
000000000111111111111110110000
000000000111101111111110110000
000000000111100111001110110000
000000000111000011000111110000
000000000111000011000011110000
000000000111000111000011111000
000000000110001110000111111100
000000001110011100001111111100