001110001111111111111111111111
000011111110000000000000000001
111000110111000000000000000001
001101100101100000000000000001
000001000100110000000000000001
000011001100011000000000000001
000010011000001100000001110001
111010110000000110111111111001
000011100000000011110111011101
100001111111111110111011111101
100000000000011000001100111101
100000000000111000000111111101
100000000000111100000011111001
100000000000111111000111111001
100000000000011111111100111001
100000000000011111111100011101
100000000000011011111000011101
100000000000000001111000001110
100000000000000000110000001110
100000000000000000110000001111
100000000000000000100000000111
100000000000000000100000000111
100000000000000000100000000011
100000000000000000100000000011
100000000000000000010000000010
100000000000000000010000000100
100000000000000000001000001100
100000000000000000011100011100
100000000000000000111111111100
111111111111111110111110111100