001111111110000000011111111111
011100111111000000011111111111
011100111111000000011010101011
011110111111000000011010101011
001110111111000000011000101011
001111011111000000011010101111
000111011111000000011010101011
000011111111100000011111111111
000011111111111111011111111111
000111111111111110000000000000
001111111000001100000000000000
011111100000000110000000000000
111110000000000011000000000000
111100000011011001000000011100
001100000011011001000000111110
001000000000111101000001111111
001000001100111111100001111111
001100000110011101000101111111
001110000111000001001111111111
001011000001111001001111111111
001001100000000001000111111111
001000110000000011000011111110
001100011100000110000011111110
111110000111111100000110111100
110011100001100110001111101000
100000111111100111111000111000
100000000001100101100000010000
100000000001100100111000010000
100000000001100100001100110000
100000000011100100000111100000