000000000000001000000000000000
000000000000001000000000000000
000000000000111111000000000000
000000000000111111000000000000
000000001111111111111100000000
000000011111111111111110000000
000000000100110011001000000000
000000001111111111111100000000
000000001111100001111100000000
000000011100011110001110000000
000000010011111111110010000000
000000001110011111111100000000
000000111010011111111111000000
000011110011111111111111110000
000001011111111111111111100000
000001111111111111111111100000
000000111111111111111111000000
000000111111111111111111000000
000000011111111111111110000000
000000011111111111111110000000
000000001111111111111100000000
000000001111111111111100000000
000000100111111011111000100000
000001110111110001111001110000
000011011011100000110011011000
001110001100000000001110001100
000_261_262_263_264_265_266_267_268_269_2610_2611_2612_2613_2614_2615_2616_2617_2618_2619_2620_2621_2622_2623_2624_2625_2600
000010000001000000010000001000
000111000111100000111100011100
001101111110111111101111110100