000000000000000000000000000000
000000000000000000000000000000
000000000000000000000000000000
000000011000001111111110000000
000000011110111111111111100000
000000010011111111110000110000
000000010110001111100011110000
000000011100000001101110011000
001111011001100110101000001000
011001101001000100110011111000
010000101000111000010110001000
010001101010010001011100111100
011011101001101110010111110100
011111100110000000110001100100
001111110111111111100000111100
000111111100000000111100001110
000011111110000001111110001010
000001111111000001111111001010
000000111111100011111111101110
000000001111100011111000110000
000001110011110111110111011000
000001011100111111101101101100
000011111111011111011111110110
000010110001101110100011010110
000011101110101101011101111010
000010101110101101011101101010
000011100001101101100001111010
000001111111011110111111100110
000000000000000000000000000000
000000000000000000000000000000