000000000110000000000000000000
000000000111000001010000000000
000000000111100011111111000000
000000001111110111101111100000
000000001111111111010111100000
000000011111001111011001100000
000011011110011110111101000000
000110111110011110111101100000
001110111110011110011001100000
111110111110111111000111110000
111110011100111111101111110000
011111011110111111111111100000
001111011110011000101101110000
000111011111000111000000100000
001111101110111110000111100000
001111100001111111111111011000
001111110000111111111111011100
001111111110001111111000111100
000111111111100000000011111110
000000111111111001111111111111
000001111111111110011111111111
001011111111111111011111111111
000110111111111111001111111110
001100011111111111101111111100
011000001111111111101111110000
110100000010111111100111100000
100000000000011111000000000000
100000000000011110000000000000
100000000000001100000000000000
100000000000000100000000000000