000000000000000000110000000000
000000000001111111110000000000
000000000011111111100000000000
000000000010011111000000000000
000000000010100110000000000000
000000000100110111000000000000
000000000110000111110000000000
000011100011001111111000000000
000111111001111011111110000000
000011111110111011111111111000
000011001111111001111111001000
000111100011110010111110011000
000111110111111110111100110000
001111110100000011110001110000
001111110111111111010111110000
001111110010000110011111110000
000111100010000111111111110000
000000000010000101111111100000
000000111010000101111110000000
000001111111000101111111000000
000011000111110100111011000000
000110000001111110011101100000
011000011000011111111100110000
110001111110000001111100010000
100011111111110000000111110000
101111111111111111000001111100
111111111111111111111000000111
111111111111111111111111000001
111111111111111111111111111000
111111111111111111111111111111