000000000000001111111000000000
000000000000111111111100000000
000000000001111111111110000000
000000000001111111111111000000
000000000011111111111111100000
000000000011111110011111111000
000000000010011111101111110000
000000000001101110101111111000
000001100011110111111111111100
000011110111110111111111111111
000011111011111011111111111110
000001111100111011111111111000
110000111111001011111111111110
111110000011111011111111111100
111111000111110111111111000000
111111100111101111111100111000
111111100000011111111111111110
111111110001111111111111111111
111111110011111111111111111111
011111110111111111111111111111
001111110111111111111111111111
001111101111111111111111101111
000111101111111111111111101111
000001101111111111111111110111
000000001111111111111111110111
000000001111111111111111111011
000000000111111111111111111011
000000000111111111111111111100
000000000011111111111111111111
000000000001111111111111111111