000000000000111000000000000000
000000000000111100000000000000
000000000000011110000000000000
000000000000011110000110000000
000000000000011101110111000000
000000000000011111111111100000
000000000011111111111111100000
000000001111111100001111000000
000000001111011100011110011100
000000000000011100111100111111
000000000000011101111111111111
000000000000111111111111111110
000000011111111111111000000000
011111111111100111100000000000
011111111000001111000000000000
000110000000011110001100000000
000000000000111101111110000000
000000000001111111111111000000
000000000011111111001111000000
000000000111111000001111000000
000000001110110011101111000000
000000011100111111111111000000
000001111001111111101111000000
000011110001110000001110000000
001111000001110000001110000000
111100000001110001111110000000
000000000001111111111110000000
000000000001111111111110000000
000000000000110000001110000000
000000000000000000000100000000