000000000011111111111100000000
000000001111111111111111000000
000000011111111000011111100000
000001111111100000000111110000
000011111111100000110011110000
000111111111000000111011111000
001111111111000000111111111100
001111111111000000011111100100
011111011111000000001111000110
011110001111100000000000000011
111100000111100000111000111001
111000000011100001111101111101
110000000001110001111111111101
100000000000111001111111111101
100000000000111001111111111101
100000000000111101111111111101
100000000000111110111111111001
100000100000111111011111110001
110001110001111111001111100001
111111111111111111100111000011
011111111111111111100010000010
011111100001111111100000000110
001111000000111111100000001100
000111001100111111100000001100
000111001101111111000000011000
000011001111111110000000110000
000001100011111100000001100000
000000110000000000000111000000
000000011100000000011100000000
000000000111111111110000000000