000000001111111000000000000000
000111011111111101110000000000
001101111111111111011000000000
001000111000100110001000000000
001100110010001010011000100000
000110110110011010110001100000
000111110001100011110011000000
000011110100001011101111011100
010000110011110110011011110100
011000011000001100010011000000
011100001111111000000110100000
001110000011111110011111100000
000110000111111111111111000000
001111001111101111111011100000
001101111111000101111001110000
001111111101000100000000011000
001111111001000110000000000000
000110000001000111000000000110
001110000011101111111000001110
001100000111111111111110001110
000000001111111111111111011110
000000001111100000001111111100
000000011110000000000011111100
000000011100000000000000011000
000000011100000000000000000000
000000001110000011101110101110
000000001110000000101010101000
000001111110000011101010101110
000011111110000010001010101010
000011111100000011101110101110