000000000011000000000000000000
000000000001000000000000000000
000000000011000000000000000000
000000000110000000000000000000
000000001100000000000000000000
000000011100011000000000000000
000000011001111100000000000000
000000011001111110000000000000
000000011001111110000000000000
000000011111111110000000000000
000000011111101100000000000000
000000011111100000000000000000
000000111111110000000000000000
000000111111111000000000000000
000000111111011100000000000000
000000111110001111000000000000
000000111100000011110000000000
000000111111111100111100000000
000000111111111110000110000000
000001111111111100000010000000
000011111111111000000000000000
000111111111111000000000000000
001111111111111100000000000000
011111111111111110000000000000
011111111110011111100000000000
011100111100000111111000000000
000001111000000001111110000000
000011110000000100001111000000
000011111111111110000011111100
000001111111111111100000011110