000000000000000000000000000000
000001111111000000111000000000
000111111000000001111110000000
001111100000000011111111000000
011111000000000000011111100100
111110000001110011011111111100
111100000000011101111111111000
111100000111100111111111110000
111100000000111111111111010000
111100001111001111111111111100
111110000001111110111101111110
111110001110011101111110010000
011111000011110011111111100000
001111100000000111111110000000
000111111000000111111110000000
000001111111001111111110000000
000000000000001111111110110111
000000010000011111111111111100
000000011110111111111111110000
000000001111111111111110000000
000000000111111111111111000000
000000000011111111111111000000
000000000001111111111111100000
000111111111101111111001110000
011111111110000000011000110000
111011111100000000011100011100
000111111000000000001111010000
111101110000000000001000000000
000011000000000000000000000000
111110000000000000000000000000