000000000001100010000000000000
000000000011000011000000001111
000000000111000001111101111111
000000001110010000111111111001
000000011100010000111111100001
000000011100010000111110001010
000000111110011010111110011010
000000111111111111111111010100
000001111111111111111111110100
000011111111111111111111111100
000111111111111111111011111100
001111111000111111111011111100
011111110000010110011010010100
011111100000010111001010111100
011111100000011011101010101000
011111110000111001110011110000
011111110000000111110011010000
011111100001000000010011010000
011111100001000000000000100000
011111100000100000000000100000
011111100000100000000000100000
011011110000110000000000100000
011100010000010000000000100000
011110000110011000000010100000
011111000011111000000010100000
011000000000111110001111100000
011100000000011011011111000000
011110000000011001111111000000
011000000000010000111110000000
010000000000010001110000000000