000000000000000000000000000000
000000000000000000000000000000
000000000011100000000000000000
000000000111100000000000000000
000000000111100011000000000000
000000000111100011110000000000
000000000011000111111000000000
000000000111110111111110000000
000000001111011010111111100000
000000001111101111000111111000
000000001111100111110000000000
000000000111111110011111100000
000000000111001111000000111100
000000001111001111111111111110
000000011111101111111111111110
000000011111101111111111111110
000000011111101111111111111100
000000011011001101111111101000
000000111011001110111111110000
000000110011001111011111111000
000001100011011111011111101100
000001100011011111101111000110
000011000011011111101110000000
000111000011011111110100000000
000110000011011111111000000000
001100000011011111110000000000
011100000011011101000000000000
001000000011000011000000000000
001000000011100101000000000000
000000000000000000000000000000