000111111111111111111111111000
001111111111111111111111111100
011111111111111111111111111110
111111111100111111111111111111
111111111000011111111111111111
111111111000011111111111111111
111111111000011111111111111111
110101101000011010111111111111
110101101000011010111111111111
110101101000011010111011111111
010101111100000111111011111111
000001010110001110110011111111
000001001100000001100011001111
000011000000000000000011000111
000011000000000000000011010111
000111000011000000000011010111
000111000010000000000111110111
000111000000000000001110001111
000111000000000000011111111111
000001100001110000011111111111
000000110000000000000111111111
000001111000000000110111111111
000011111100000001100101111111
000011111110000111000100111111
000011111111111100000110011111
000011111111100000000111011111
000001111011100000000111001111
000000110001100000000110001111
000001100000100000001100001111
000011000000100000011000001111