000000000000000000000000000000
000000000011110000000000000000
000000001111111100000000000000
000000011111111110000000000000
000000111111111111000000000000
000000111111111111100000000000
000000111111111111110000000000
000001111111111111110000000000
000011111100000000010000000000
001111001011111111111000000000
001110010010111101101100000000
001110110111100111100100000000
000110101111100111110100000000
000000101111011011110100000000
000000100100011000100101100000
000000100011100111000111110000
000000110000000000001110100000
000000011000000000011101110000
000000111111000011111011111000
000001111111100111110111111100
000011101111111111110010001000
000011101000010000010010001000
000011101111000111110010101000
000011110111111111110010101000
000011100111111111100011111000
000001100011101110000000000000
000000001011000110100000000000
000000011111101111110000000000
000000011111101111110000000000
000000000000000000000000000000