111111110000000000000011111111
111111000000000111111000111111
111110000000001111111100011111
111100000110001110000110001111
111000000110011100000011000111
111000000010011100000001100111
110000011110011100001001100011
110000111111001110001001110011
100001110111001111111001111001
100011111111100111110001111001
100011011111100000000011111001
000111011101111100000110111100
000111000111101100001100111100
001111111110000000111001111100
001111111100001111100011111100
001111110001111100000111111100
001111100111000000001111111100
001111001100011000111111111100
001111011000011111111000111000
000111110000000011101110111000
100111110011110001111110110001
100111100111111001111111110001
100011100100111101111011100001
110011100100011100111111000011
110001100000011100111100000011
111000110000011100100000000111
111100011000111100110000001111
111110001111111000110000011111
111111000111100000000000111111
111111110000000000000011111111