111001110110110000000000001110
101100100100011000111101011011
101111000000111001111110001110
101011110011110001100010000100
101000111111000001010110100001
101001100000001111000010000100
001001000000111001001010000000
011011111001100001100110011111
010011100111000000111011000111
010010001100111000000001100001
011011001001100100000000110111
001011101101000101001010010011
101011000101110100000011001000
101001100110010100000011101101
101101100011110100000010100101
100100111000001110000110010101
110110111110111111111110110101
011010110001111111111110101100
001001010011111111111101011001
100101010110111001111101010011
110110001101100011111000110101
011000001001000011110000001111
100111001101000011010011111111
001101110110100001011000001100
011000001011010000101100111111
011000001100011110010110000111
101100001111110011111010111110
100111000000000000010011111111
111001110000000000011110000011
001100111111000000000000000111