000000011110000000111111110000
000001111000000011111111111100
000011011000000111111111111110
000111110000001111111111111111
000101100100001011111111111111
001111001110011011111111111111
011010011111010011111111111111
010110001010010001111111111111
111100001110000011111111111111
101100001110000010111111111111
111000001110000011011111111111
101000001110000011101111101111
011000001110000001101111110111
111000011111000000110111111011
101000011111000000000110111101
011000011111000000001011111101
111100011111000000001110111011
000100011111000000011101011011
011110011111000001111101101011
100011011111000111111101101110
101111100000001111111011101001
111000110000001111110101101111
011011111100011111001101100011
001010001111110010111101011110
001110111001101101101010111100
000110110011001101101111000100
000011110111011100100001111000
000000111001100001101111100000
000000001111111100011000000000
000000000001111111100000000000