000000000000000000000000000000
000000000000000000000111100000
000000000000000011111011110000
000000000000000001111101111000
000000000000000001111110111000
000000000000000000111111011000
000000000000101010011111101000
000000000000111110001111110000
000000000000111110000111111000
000000000000111110001111111100
000000000001011101011111000000
000000000000101010111111100000
000000000000111111111111100000
000000000000011111111111111000
000000000000001000001010100100
000001010100001000011111111000
000001111100001000011111110100
000001111100001000111111111010
000001111100000000111111111001
101010111010101001111111111101
111110010011111001111111111100
111110010011111011111111111110
111110010011111010101010101010
011100010001110011111111111110
001000010000100000000011000000
011111111111110000000011000000
010101010101010000000011000000
011010101010110000000111000000
001101010101100000001111000000
000111111111010101011111010101