000000011100000000000101000000
000000111111000000000111000000
000011111111100000000010000000
000111111111110000000111000000
001111111111111000001111100000
011111111111111100001111111000
011111000000111110001111101000
111110000000011110000111000000
111101110011101111000010001100
111000100001000111000111001100
111000001100000111011111111111
111000000000000111000000000000
011100011110001110000111111110
011110001100011100001100000011
001111100001111000011000000001
000011111111110000010000000000
000000111111000111110100100010
001111111011111000011101110111
011011110001111000011111111111
110110000000011110011111111111
100000110000000000010000000001
100000011000000000011111111110
100000111110000001111111111000
100000111111100111100111100000
100011111100111100000010000000
100011111100110000000010000000
110111110011110000000110000000
011111110011000000001100000000
000111001100000011111000000000
111111111111111111111000000000