011110001111110000000000000000
111111001111010000001111000000
111011101111110000011111100000
111111100111100000011001110000
011111100011011011111000110000
001111110010111111111110111000
000111010010111000001111111100
000000011010011111100111111110
100000001010011111110011111110
110000101010110111011011111111
110001101010111111111011111111
111011101010110001111011111111
011011001010110011111111111111
001010001010011111111111111111
001111001110000110111101111111
011111100100111111111101111111
011110110101111111111011111111
011111110111111111100111101111
011111100111111111011111101111
001111001011101111011111011111
000110011000001111100000111111
000111110000000111111111111111
001111100000000011111111111110
011101110000000000111111111100
011101110000000000111111111100
011101110000000001111111111100
011111100000000001111101111100
001111000000000000111000111000
000101000000000000000000000000
110101101111111111111111111111