000000000000000000001111100000
000000000000000000111110000000
000000000000000011111100000001
000000001111111100111100000011
000000111111111111001100000111
000011111111111111110100001111
000111111001111111111100001110
001001110000111111111100011110
010000100000111111111100011110
010000100100111111111110111110
010100100100111111111111111110
010100100100111111111111111100
010000110000111111111111111100
010001110001111111111111111100
001111111111111111111111111100
011100000111111111111111111100
100000000000011111111111111110
111000000001111111111111111110
011110011111111111111110111110
001111111111111111111110011110
000111111111111111111100001110
000011111111111111111100000111
000001111111111111111000000111
000000011111111111111000000011
000000000111111111011100000001
000000000111101111001110000000
000000000011101110000000000000
000000000011100110000000000000
000000000001100010000000000000
000000000000100010000000000000