000000000000000000000000000000
000000000000011111100011100000
000000000001110000111111111000
000000000011100100000111111110
000111111100000000100011111111
111000010110111010001011111111
011101000011001100100001111111
000110001111000111111001111111
101011111111111110001101111111
101000011001100011000011111111
111010010111101101101000011111
110110001111111110110001001011
110110001011110110111100000111
111101001101111010110111111111
101101001111011010110011111111
101111000100001110111011111111
100111001000001000011011111111
110111011000011001010011101111
111111011011100111000111011111
111111010110111110011111011111
110011010100110000011111111111
011111001100100000111111111111
011110000001100000101111111111
001110000001000011101111111111
000100000000111111001111111111
000111000000000000011111111111
001110111000000001111111111111
010111011100000111111111111111
010000001111111100011111111101
011100000000000000001111111001