001111000000011111000000000000
011111110000111111100000000000
111111110001111011100000000000
111001111001100011100000000000
111000111011000001000000000000
010000011011011100000000000000
000111011010111110000000000000
001111101010110110000000000000
001101101110100000000000000000
000000101100000000000000000000
000000001100000000000000000000
000000111110000000000000000000
000011111111110000000000000000
001111111111111100000000000000
011111111111111110000011000000
011111111111111111000111000000
111111111111111111100111100000
111111111111111111100111100000
111111111111111111110111110011
111111111111111111111011111111
111111101111111111111000111111
111111010111111111111100011110
111111001111111111111100011000
111111111101111111111110111000
011111110011111111111111111000
000000001111111111111111110000
000011111111111111111111110000
000000011100111000001111100000
000000011111011110000000000000
000000001111001110000000000000