000000000000000000000000000000
000000000000000111110001111010
001101100000011111111101111110
000111010000111000111110111100
000011111000110000011111011000
001111111001100111100111011000
000111111101101100110011101010
000011011101011011011011101010
000000011110111111101001101110
000000011011011101101101110110
000000110111111001101100110110
000000100001110011011010110100
000000101100111110111111101100
000001111011111111100000011110
000001010101110011000001111100
000001101011111001100011111000
000001110110111110110011111000
000000111101111101100011111000
000000001111111100110011110000
000000000111111110001011110010
000000000011111111111011111100
000000000000111111000111111000
000000000000101000000111110000
000000001001101000001111110000
000000011111011111111111100100
000001111111111111111111111000
010011100100011011111111110000
001101101000110000011111100000
000011000001000000011111100000
000000000000000000000000000000