000000000000000011010001100000
000001100000011101111011011000
000011100000000111111111111010
000010100000001111001111110110
001101101000011010000011111110
001111110000000011000101111100
000111100000000010001100111101
000001000000000100011100011111
000000000000000101010110011110
000000100100000110100110001100
000000110110000000000110001110
001000011111000000001100000100
011100101111000000111000000100
110100111111101111100000000100
111100011111111000000000001100
111110001111010000000000001000
011010000000010000000011011100
101110100000110010000001110110
111111110000100011011100111001
111111111000100111111110011101
011101110001100111111011001101
011011011001001100111001101101
001011111001011000110000110101
001001110011110001100000010101
001000100011100001100000010111
111111110111000001110010001110
011101100110001000111001001100
110111001100110100011001100001
111110011100011001001100110010
111100011011111111101101111110