000000000001100000001100000000
000000000001110000011100000000
000000000000110000110000000000
000000000000010000110000000000
000000000000010000100000000000
000000000000011110100000000000
000000000000111111100000000000
000000000001111111110000000000
000000000001000100110000000000
000000000011000000011000000000
000000000010000000001000000000
000000000010010001001000011100
000111100010000100001001111110
001111111011001110011011111110
001111111101111111110111111110
001111111110111111100111111110
001111111111011111001111111100
000111111111011111101111111110
000011111111111111111111111110
000111111111111111111111111110
000111111111111111111111111000
000111111111111111111100000000
000011110011111111110111000000
000000001110011111110001110000
000000011000011111110000110000
000000011000001111111000000000
000000000000001111111000000000
000000000000011100001111000000
000000000001110000000011000000
000000000001100000000000000000