110001111111111111111111111111
011100011111110111110011111111
001111001111110011110001111111
000111100111110001100000011111
000011100111100001100100001111
000001110011100001100110001111
000000110011100011110111000011
000000111001100011010011100011
000000011001100010011011100111
111000011101110010001100101111
101100001101110011000100000111
010110001111011001111110000111
011011000110111100001111101111
001101100101000110000011111111
001101101100001111100001111111
000110111001111111111111111100
000111110011110111111110000001
000011110101110111100000000011
000011110101110011000000001111
000001110110111010000000111111
000001111010111000001111111111
000001111011111000111111111111
000000111101111001111111111111
000000111101111001111000111111
000000111101111011100000000111
000000011110111011000000000001
000000011110110110000111000000
000000001110110110011111110000
000000001111010100111111111111
000000000111010101111111111111