000000000000111111100000000000
000000000001111111110000000000
000000000011111111111000000000
000000000111111111111100000000
000000001111111111111100000000
000000001111111111111100000000
000000000111111111111100000000
000000000111000110111000000000
000000000001110000011111000000
000000000000100000110011100000
000000000000110001100000110000
000000000000011111100000011000
000000000000000111000010001100
000000000000001111000010000110
000000000000111110000110000010
000011111011111000000100000011
000111111100110000001100000001
001111111111001001111111100011
011111111100000111000011111110
011110111100111000000011111110
011100111011000001000111111100
000000010000000011111111111111
000000001001111111100000000001
000000001001011110110111111011
011100000110010001010100001010
011111110000011111010111111010
011011111100011110110000000011
000000000000111110100111111001
011111000011111110101100001101
011111111011111100111011100111