000000000000000000000000000000
000000000000000000000000000000
000000000000000000000000000000
000001111100011110000000000000
000001111111111111000000000000
000011111000001111000000000000
000011100000000011000000000000
000010000000000001100000000000
000100011100111000110000000000
000100110100101100111000000000
001110111100111100110110000000
011111011000011001111011000000
011111000000000011111001100000
011111110011001111111000110000
001111111101011111111000011000
000111111111111111111000001000
000001111111111111110000001100
000000001111111111110000000110
000000000000111111100000000110
000000000001111111100000000010
000000000111111111000111100010
000000011111111110001111110010
000000111111111000001111110100
000000111111101000011111111100
000000011110000111111111111000
000000000000001111111111110000
000000000000001111111111100000
000000000000000111111110000000
000000000000000000000000000000
000000000000000000000000000000