111111111100000000001111111111
111111110000000000000011111111
111111000000000000000000111111
111110010100001000110000011111
111100101011010111101111001111
111001111110110110111101100111
111001101111111101110111100111
110010111011110111111111110011
110011111111111110101111010011
100110101111011111111101111001
100111111111111101111111101001
100111111101111111111011111001
001111101111011111110001011100
001011111111011110111011111100
001111111000000111110001101100
001111110000001011100000111100
100111100000010101110001111001
100101000000110110100000111001
100111011111011101000000011001
110011010101010101100000110011
110011011111010101111011110011
111000001111000000111011100111
111001100001111111000000001111
111100100000000000000011011111
111110011000000000000110111111
111111000111111111111000111111
111100111000000000000111001111
111001111111111111111111100111
111001111111111111111111100111
111100001111111111111100011111