000000000000000000000000000000
000000000000000000000000000000
000000000000000000000000000000
001111101111001111111111111100
001000000111100000000000000100
001000000111110000000000000100
001000001100110011000000000100
001000001100111010100000000100
001000001110111000100000000100
001000011111111001100000000100
001000000111111011011100000100
001000111001011010110010000100
001000111111110111100110000100
000001111111110111000000000100
001001000101111100111111000100
000111001111111111111111110000
000011111101111110110001111000
001000110011011111111001111100
001000000110111011111111111100
001000000000111110111111100100
001000000001110111011110000000
001000000001100111010000000100
001000000000100111000000000100
001000000000111100000000000100
001000000000011000000000000100
001000000000001000000000000100
001111111111100101111111111100
000000000000000000000000000000
000000000000000000000000000000
000000000000000000000000000000