000000000000000000000000000000
000000000001100000000000000000
000000000010110000000000000000
000000000000110000000000000000
000000000001110000000000000000
000000000110111000000000000000
000000000100011000000000000000
000000001100011000000000000000
000000001100110000000000000000
000000011111110000000000000000
000000110111010000000000000000
000000000110011000000000000000
100000000110010000000000000001
110000001100110000000000000011
111000001100100000000000000111
111100001100100000000000001111
111110000101000000000000011111
111111000111000000000000111111
111111110110100000000001111111
111111111111100000000011111111
111111111111010000000111111111
111111111111101111011111111111
111111111111100111111111111111
111111111111110001100001111111
111111111111111000000100011111
111111111111111000011001111111
111111111111111001100111111111
111111111111111101011111111111
111111111111111100111111111111
111111111111111101111111111111