000000000000110000000000000000
000000000000111110000000000000
000000000001111111100000000000
000000001101100111101110000000
000011111111011001101111000000
000011101010111100110111000000
000011010111001010111011000000
000010110110110110111101100000
000110110111001110111011011100
000111011001111110110110111100
001110101110111101001101111100
011101110100000011110101111000
011110001011111101111010111000
001111110111111110110110111000
000111110000000001001110111000
000111001111111111011110110000
000110110111111110111100110000
000010111011111101111101100000
001110111100000011111101101100
001111011111111111111101101100
001111100000011111110010011110
000111111111100000000110111110
000011111111111111111110101110
000011111110111111111101101110
000000111110011111111011101110
000000011100001111110001110110
000000001000000000000001110110
000000000000000000000000111110
000000000000000000000000011100
000000000000000000000000000100