000000000000000000000000000000
000000000110000000011000000000
000000001111000000111100000000
000000011111100001111110000000
000000011111110011111111000000
000000111111110011111111000000
000000111111110011111111000000
000000111111110011111111000000
000000111111110011111111000000
000000111111110011111111000000
000000111111110001111111000000
011100011111100001111110011100
011110001111000000111100111110
011111000110000000011001111110
011111100000000000000001111110
011111100000000000000001111110
011111100000000000000001111110
011111100000011111000001111110
001111100000111111100001111110
000111000001111111110000111100
000000000011111111111000011000
000000000111111111111000000000
000000000111111111111100000000
000000001111111111111110000000
000000011111111111111111000000
000000011111111111111111000000
000000111111111111111111100000
000000111111111111111111100000
000000111111111111111111100000
000000111111100000111111100000