000011000000001010100000011000
000111100000001010100000111100
001100100000001111100000100110
001101100000000111000000110110
011101000000001111100000010111
001100000000011111010000000110
011110000000111011111100001111
001111100000110001110000111110
011111111000111000000011111111
001111011100011100000111011110
011110111100001110000111101111
000110110100011111000101101100
011110110000111111100001101111
000010111001111111110011101100
001110111101100100110111101110
011011011111111011111111011011
000011011111111111111111011100
000110101111111111111110100110
001101101111111111111110111000
000011011110111111011101101100
000110110101111111101110110000
000001101101111111101011011000
000000011011111111110101100000
000000000011111111110000000000
000000000001110011100000000000
000000000000110011000000000000
000000000001100001100000000000
000000000001000000100000000000
000000001111100011111000000000
000000001010100010101000000000