000000000000010101000000000000
000000001000001010000000000000
000000011100000100000010000000
000000110110001111000111000000
000000011100011101110101100000
000010001010011111001111001000
000111000111011100011010011100
001101101111011100011110110110
000111010111111100111101011100
000010110011101110111011101000
001001111011101110111011110100
011101011101101111010111101010
110110101110011111101111010111
011101110001101111110100101101
001011111011011111011011110111
000101100111111111111111011010
001110011011111111111110101000
011011111111011111011001011100
001110011011101010111111110110
000101100011010101011011111100
000011011111101010110101001000
000000111101111111111011100000
000001101100110101100110110000
000000111000001010000011100000
000000010000001010000001000000
000000000000001010000000000000
000000000000001010000000000000
000000000000001010000000000000
000000000000011011000000000000
000000000000101010100000000000