101101101100011101101111100010
011001110110110010111000111100
011011001111111101111110011000
110110010101010111010001000000
111101111010101110000000000000
111111110111101000000010000010
111111011111010010100110000110
111000101101101011110111011100
110011110111000001111111111001
111110101000100000011111111111
110000010100001111000111001110
101000000001111111111101100000
110001111111101111110011011100
110110011000110011110111111110
101101111100111011111111101110
001011111101110101111111000000
011011111101111001111011000000
011011111011111011111010000000
001011111111111101010000001000
001101111111111101110000001000
000111111111011111100000001100
000111101110011011000000011000
001111000000011011000000001100
011110000000011011000000011110
011110000000010001000000111011
110110000000010001001001001101
110011000000010001000100111110
100011001000011001101101111111
100001101100011101110101101001
110100110110001110111010011010