000000000000000001111111111000
000000000000000001111111111110
000000000000000111001111111110
000000000000000111001111111110
000000000000000111111111111110
000000000000000111111111111110
000000000000000111111111111110
000000000000000111111100000000
000000000000000111111100000000
000000000000000111111111110000
000000000000000111110000000000
010000000000001111110000000000
010000000000111111110000000000
011000000011111111111110000000
011000000111111111110010000000
011110001111111111110010000000
011111111111111111110000000000
011111111111111111110000000000
011111111111111111110000000000
000111111111111111100000000000
000011111111111111100000000000
000011111111111111100000000000
000001111111111111000000000000
000000011111111100000000000000
000000001111001100000000000000
000000001111001100000000000000
000000001100000100000000000000
000000001000000100000000000000
000000001000000100000000000000
000000001110000111000000000000