111110011100010001111111110011
001111011000110111100000011100
000011010000101100000111000110
011111100001111110001101110011
001101100001110111001111100011
000001100111000000111110000001
001101101110110000101110000000
101101101111111001101110010000
110001111100000011011110110111
011001111101000110111101101110
011000111011000111111101111100
101100101110011111111001110000
111100101110001111100011101100
000110101100011010111111001110
011111101101111111011011100111
111011001111101110001101110000
000001110111001110000100010000
011100110110001110000000000000
110110110100001011001111000000
111110110100001111001001100000
011100110110001111101110100000
010000111010001101111100100000
010010111010001101100001111000
110110111010001110111111001000
111100111010001111011110001110
011100111111000101100000011110
010001110111000111110001110010
110011110111100011111111100110
111111101111100011011011011110
111111011111111001111111111000