000000000000011111111110000000
000000000000111111111111100000
000000000011111111111111110000
000000000111111111111111111000
000000000111111111111111111000
000000001111111111111111111100
000000001011000011111111111100
000000011001011100011111111110
000000011100000110001111111110
000000011001110000001111111110
000000011001100000011111100110
000000010001100000011111000110
000000111101100000011110011010
000011100111000000111110101010
000110001001110111111101100110
001100000000011111111011000100
001000000000000000111011001100
001000000000000000010000111000
001100000000000000000111110000
000111000000000000000111100000
000011110000000001000111110000
000111111110000111000111111000
000111001111111100001111111100
001101101001111100001111111100
001101110011111000011111111110
001110011111100000111111111110
000111100000000011111111111110
000001111111111111111111110000
000000001111111111111100000000
000000000000111111100000000000