111111111111111001111111111111
111111111111110011111111111111
111111111111110011111111111111
111111111111110001111111001111
111100001111111000111111101111
111101000111011000111111001111
111111100111001001101000001111
111111100001101111011000011111
111111100000111111010001111111
111111111001110001110001111111
111111101111000000011011111111
111111110010000000001110011111
111110011110000000001100111111
011100001100000000000111110001
000000001100000000000110000000
100001111100000000000110000110
111111100110000000001111001111
111111001110000000001001111111
111111111011000000011110111111
111111110001110001110011111111
111111110001011111100001111111
111111000011011110110000111111
111110000010110010011100111111
111110011111100011011100010111
111110111111100011111110000111
111110011111110001111111111111
111111111111110001111111111111
111111111111111001111111111111
111111111111111001111111111111
111111111111110011111111111111