000000000001111111110000000000
000000000111111111111100000000
000000011111000000011111000000
000000111100011111000111100000
000001111001111111110011110000
000011111011111111111001111000
000011110011111111111100111000
000111010111111001111110111100
000111011111111000111110011100
001110001111110000011111011110
001111011111111000000011011110
001100000111111000001001111110
001111011111011000000000111110
011000000010000000000000111110
011111011111000000000000111110
011000000011110000000000001110
011111011111111000000000000110
011000000011111000000000110010
011111011111111000000000000110
011000000011110000000000011110
011111111111010000000000011110
001000000111010000000000001100
001100000010001000000000001100
000100000011011100000000011000
000110000100000100000000011000
000011000011011110000000110000
000001100100000110000001100000
000000111111011110000111000000
000000001111111111111100000000
000000000011111111110000000000