000000000000000000000000000000
000000000111111100000000000000
000000001111111110000000000000
000000001111111111000000000000
000000001100000111100000000000
000000001111111011110000000000
000000011111111101111111000000
000000111000001110111111110000
000000111000000011111111111000
000000011100000001111111111100
000000011111111110111100111100
000000001111111111111100111110
000000000011111011111111111110
000000000000000111111111111110
000000000000000011111111111100
000000000001111111111111111000
000000000111111110111111110000
000000011111111111011111100000
000000111111111111110001110000
000000111111111111111111110000
000001111111111111111111110000
000011111111100111111111110000
000011111111111011111111110000
001101111111111011111111100000
011011111111111101111011000000
011011111111111101110111000000
011101111111111011111101100000
001110111111110111111111110000
000000111111011101111011110000
000000001111100000111100000000