000000000000000001110000000000
000000000000000011011000000000
011000000000000110001100000000
011110000000001100001110000000
110111000000001000001110000000
110001100001111111000110000000
110000110111111111100110000000
110000111111110111111110000000
110001111111111011111100000000
110011110111111011111110000000
111011110011110111101111000000
011111111101111111011111100000
001111111111111000111111110010
001111111111110000011111111100
001110110001110010011111111100
011111000010110110011111111001
011111100110111000111111111110
011111100000111111111111011100
011111110001100100111100111000
111111111110011000000001100000
101111111100001100100011000000
011111110000011111000110000000
011111100001110000001100111100
011110000000000010010001111110
111001111000011100010011100111
000000010000000000001011101011
000000111000000000111001111011
000001111100000001111100110111
000011111110000011111110000111
000011010110000011010110011110