111111111100001111110011111111
111111111011111100111101111111
111111110111011011001101111111
111111000110001011101101111111
111111111111000001100110111111
111001111101000000100110111111
110111110000000000001110111111
101110000111111111111111111111
101111001111111111111000011111
111000011111111111111111100011
110000011111111111111111111101
100001111111111000001111111110
100001000000000111111111111110
110011111111111111111111111011
111011111111111111111111111101
011011111111111111111110011101
011011111111111111111110001111
011110111111111111101110001111
001110111011111011101110001111
000010111011111011101110001111
000010111011111011101110011111
000011011101110111011111111111
000011011101110111011111111111
000011111101110111111111111110
000011111111111111111111111100
000011111111111111111111110000
000011111111111111111100000000
111101111111111111111011111111
111101111111111111111011111111
111110111111111111110111111111