111111111111111111111011111111
110000111111111111111001111111
000000001111111111110101101110
110000000111111111100101100100
111000000011111111001101100100
111100000001111110011010110101
111110000001111000110110111011
111111000000110000001101110101
111111100001100000011010100100
111111100001000000000110100110
111111110011000000001101101110
111000110010000000010011111110
110010010110000000000110111010
100000000100000000001110010010
111000001000000000011110010011
111110000000000000111111010111
111110000000000001111111101101
111110000000001111111111101010
111111000000000111111110100101
111111000000000001111101010111
110111100000000000001110110111
101011111000010000000011110111
110110111101011000000011111011
001101011011011100000111111011
100010100010111110001111111000
111001111000111111011111011000
111100011110011111111110101100
101111100111000111111111011100
010111110000000000000001100000
101000000000000000000000000000