000000000000000111111111000000
000000000000011111111000110000
000000000000111110111111011000
000000000001111001111111101100
000000000011100001111111110100
000000000011000001111111111010
000000000010000000111111111010
000000000010000000011111001110
000011111010000000001110101110
001101110110000000000110101110
011111000011000000000110011110
100110000001100100000011011110
111110111101011000000011001110
110110000001000000000000000010
101100011101000000000000100010
101100000001011000000000100001
111100000001110000000000101001
111100000000010000000001101001
111000000000111100000011001111
011000000000000110000110001100
011000000000000010001100011011
111100000000000011111100110111
111111000000000110011001111111
111100000111111100010011111111
111100000000010000111111111111
111000000000100000111111111111
111100000000100000111111111111
111100000000110000111111111111
111110000000111001111111111111
111111000000111101111111111111