000000000000000000000000000000
011111100011000000000000000000
011000000001100000000000111100
010111111001101100000111001001
010000011101101101101110011111
011100000100111001101000000100
010000000110111101011000001111
010000011110111111010000000010
010011111111111111110111111001
010110000111101111101111101101
000100011101011111111000000100
001100111110001111111110000110
011000110110111111000111000011
000001101100111100000011000000
010001011101111110000011000001
010001011101111110000001000111
011011011111111110000001100001
010010011111111111000000110011
010000001111111011000100000110
010000001111110011000110011110
011100000111100011010011111001
010000100000000110011111000010
011001100000001110010001101110
001111000001001100111001111001
010011110011000100101000110011
010110011110001101001111111110
011100000111001101111100011001
001111101100001001000100001111
011001111111011011111111111100
000000000000000000000000000000