000000000001011110000000000000
000011110001011010000000000000
000111111001010110000000000000
001110001001010010000000000000
001101110001010110000000000000
011101100001011010000000000000
011011100001011110000000000000
010111000001011100000000000000
001111110001011000111000000000
011111111001010001111110000000
011111011001100000111111000000
011110111010000101111111000000
011110111101101001111111110000
011111100011001100111011111000
011100011110011100010111111000
010011111001011100001111111000
001111100001100000011111111100
011110000000110000111111111100
011000000000111000111111111100
000010000000011101110111111110
000110100000001111101011111110
011111001000001111011101111110
011100110000000110111011111110
011011011000000001111011111110
011100111000000001110111111110
010111111110000011110111111110
001011101100000011101111111110
010111010110000011101111111110
011111101110000011101111111110
011111111111000011101111111110