000000000011111111110000000000
000000001110000000011100000000
000000111000000000000111000000
000001000000000000000000100000
000011110000000000000011110000
000111001110000000011111011000
001110111111111111111111101100
001101111111111111111111110100
011011111111100111111111110110
011011111111000011111111111010
111011111111000011111111111011
110111111111100111111111111101
110111111111111111111111111101
110100111111111100111111111101
110110010011111100111111111101
110100011000111111111111001101
110100010000011011110010011101
110110000001001111000110001101
110100100000001110000010000101
111011110000011100100000011011
011011100011111100000001001010
011101001111111110000011110110
001101111111111111110000010100
001110111111111111111111101100
000111011111111111111111011000
000011100111111111111110110000
000001111001111111111001100000
000000111110000000000111000000
000011001111111111111100110000
000111110011111111110011111000