001111111111111111111011111100
001111111111111110110111111100
001111111111101001100111011100
001111111111010110001110011100
001111111111101000111000111100
001111111110011011010001101100
001111111110110110000111010100
001111111101000000111100111100
001111111011010011100011011000
001111110111101011011100110000
001111001111110100110011100100
001111011011101011000010000100
001111010111111110000000011000
001100111011111100011100100100
001011111101111110100111011100
000011111111111111011010101100
000111110111111110100111010100
001011101111101111010001011100
001100010111110110101010101100
001101110111101111011100010100
001111001111010101101010001100
001110111000110101000101000100
001110110111101010000011100100
001111001110010100001111100100
001111111101101000011011101100
001111111011010000001011011100
001111110110110010011011111100
001111110110111010110111111100
001111111010110111111011111100
001111111111011111111101111100