000000101010000000000000000000
000001111111000000000000101011
000001111111000000000001111111
000001111111000000000011111111
000001111111111111111111111111
000000111111110110110111111111
000011011101110110110111000111
011111011101110110111100010111
111110111101111111110001100111
111110111101111111000111010111
111110111101111110011110010111
111110111101111000111110010111
111101111101110011111100010111
111101111101100111111000100111
111101111111001111110000101111
111011100000011111110000101111
111110001110011111100000101111
111000111000111111100000100001
000011100001111111100000101100
111110000001111111100000100111
000000000011111111100000100000
011100000011100001100000010000
111010000011000000100000010000
110000000010000000010000010000
000000000010000000000110011000
000000000000111111100111111000
000000000001111111111111110000
001110000000111111111111110000
011101000000011111111111100110
111111111111111111111111111111