111111111110111110111111111111
100000000001101111000000000001
100000000011101111100000000001
100000000010010011100000000001
100000001111101111111000000001
100000011011101111101100000001
100000110011111111100110000001
100001100001111111000011000001
100001000000111110000001100001
100011000000000000000000110001
100010000000000000000000011001
100110000000000000000000001001
100100000000000000000000001101
100100000000000000000000000101
101100000000000000000000000110
101000000000000000000000000011
011000000000000000000000000001
110000000010000000000100000011
100000000111000000001110000110
110000001101110000001111111101
011000111100011100011111100001
101101111100011111110111100001
100111111100011111000111100001
100000111100011111000111100001
100000111100011111000111100001
100000111100011111000111100001
100000111100011111000111100001
100000111110011111001111100001
100000011111111111111111000001
111111011111111111111110111111