001111111110000000000000000000
011100000111000000000000000000
010011110011100000000000000000
100101111001110000000000000000
101110110101110000000000000000
101111101110110000011000000000
101111011010110000000110000000
110110011100111111110011000000
011011100001111111111101111110
001111011111111111111111111111
000011011111111111111111100001
000001011111111111111111100001
000001101110000111110011100011
000000111100000000000111101011
000000011110000000011011110110
000000101111111111110111101100
000000100011111111001110111000
000010010000000000111110110000
001100010010011111111110100110
001000001001011111111110001111
011100001101111111111100111101
011111000110111111111101110011
011011100011011111111011001111
001100110001111111110111111010
001100000110011110001111110110
000110000011100001111111101100
000011000000111111111110011000
000001110000001111110001110000
000000011110000000000111000000
000000000011111111111000000000