011111111111111111000011111111
011111111111111100000000111111
011011111111111000111100011111
011000011111111001111110001111
011100000011110011111111001111
011110000000110011111111001111
011101101100010011111100011111
011110001110001011111000011111
011111011111001001111001011111
011110001100000000000000111111
011111001100111000110000111111
011111100101111110000001110111
011111111001111111100111100000
011111111101111111100010001001
011111110001111000000000000111
011111100011110011111111111111
011111001111110000111111111111
011111001111110000111111111111
011111001111110001111111111111
011111000111100111111111111111
011111100001000011111111111111
011100010001100001111111111111
011001001111110001111111111111
000010010011111001111111111111
001001100111110001111111111111
011011001111100011111111111111
010110011100000111111111111111
000100100000001111111111111111
011100011111111111111111111111
011100111111111111111111111111