000000000000000000000000000000
000000000000000000000000000000
000000000000000000000000000000
000000000100000000000000000010
000000000111000000000000001110
000000000101110000000000111010
000000000010011100000011100100
000000000010001111111111000100
000000000010111111111111110100
000000000011111111111111111100
000000000001110001111000111000
000001100001100100110010011000
000111110001100100110010011000
001110111001100100110010011000
001100011001110001111000111000
001110011000111111001111110000
000110111000111111111111110000
000000110000001111111111000000
000001100000011011111100000000
000011100000110000000000000000
000011000001110000000000000000
000011000011111000000000000000
000011000111111000000000000000
000001100111111100000000000000
000001111111111110000000000000
000000111111111111000000000000
000000011111111111100000000000
000000001111111111110000000000
000000000000000000000000000000
000000000000000000000000000000