000000000000000000000000000000
000000000000011000000000000000
000000000000111100000001100000
000000000001111110000111110000
000000000001111110000111111000
000000011001111100000111111000
000000110001111000000001111000
000001100011000000000000011000
000011000110000000000000001000
000110001110000000000000001100
000100001110001110000111001100
001100001110011110001111101110
001100001110011111001111101110
001110001110011111001111101110
001110001111001110000111001110
001111001111000000000000001110
001111001111000001111000011110
001111101111100001110000111110
001111111111111000000001111100
000111111111111100000111111000
000111111111111111111111111000
000111111111111110001111111000
000111111111111100000111111000
000011111011111100000111111000
000011111001111110001111110000
000001111101111110001111100000
000000000001111110001111000000
000000000000111111001110000000
000000000000001111000000000000
000000000000000111000000000000