000000000000000000000000000000
000001111111111111000111111100
001111110011100000011111101010
001110000001110001111111011000
000000000000010011111110110000
000000000000011011111101100000
000000001111011101110011000000
000000111111111111001110000000
000001111110111101111000000000
000011111101101100000000000000
000011111011101110000000000000
000111100110101010000000000000
000110011100101011000000000000
000111110001001001100000000000
000100000011001000100000000000
000000000010001100110000000000
000000000010000100011001111000
000011110110000100001111111100
000110011100000100000110111110
001101111110000100001101111110
001111111110011111001101111110
001111111110110111101101111110
001111111111101111111110111100
001111111111101111110111111100
000111111101111111110011111000
000011111001111111110000000000
000000000001111111100000000000
000000000000111111100000000000
000000000000011111000000000000
000000000000000000000000000000