000000000000100100001000000000
000000000000100110011000000000
000000001000110110011000000000
000000001100110011011100000000
000001000110011011011100000000
000001100011011011111100000000
001100110001111111111100000000
000110011101111111111111100000
000011001111111110001111111000
000001110111111101100111111000
111000111111111101000111110011
001110111111111110001111110001
000111111110111111111111110000
110001111101110111110111111000
011111111011101111110000000000
001111110111000011111110000000
000001101111111010111100000000
111111100000000010011100000000
000001111111111101011100000000
001111111111111101111000000000
111111111111111111111000000000
000001111111111111110000000000
000000111111111111100000000000
000000111111111110000000000000
000000011111111000000000000000
000000001111100000000000000000
000000000011101000000000000000
000000000111001000000000000000
000000001111110100000000000000
000000001111111010000000000000