111111111110000000011111111111
111111111000000000000011111111
111111100000000000000001111111
111111000000000000000000011111
111100000000000000000000001111
111100000000000000000000001111
111000011111100000000000001111
110000110000111000000000010011
110001100000001111000000010001
100011000000000001111000110000
100110000000000000001111100000
101100000000000000000011000000
001100000000000000000000000000
001000000000000000000000000000
011000000000000000000000000000
011000000000000000000000000000
011000000000000000000000000000
001000000000000000000000000000
101100000000000000000000000000
101100000000000000001100000001
100110000000000000111111100001
110011000000000111100000110011
110001110000111110000000010011
111000011111110000000000011111
111100000000000000000000001111
111110000000000000000000001111
111111000000000000000000111111
111111100000000000000001111111
111111111000000000000111111111
111111111111000000011111111111