000000000000000000000000000000
000000000000000000000000000000
000000000000000000000000000000
001110011101111111111101111000
001100001111110110111111111100
001100001111110111111111101100
001110011110110111110111111100
001111111011100011111111111100
001011111001101011011110110100
000001110101001001111110100000
001101010100011101111110101100
001010001110011100111100010100
001111111010110110111001001100
001010101100111110010011100100
001111111001111111000111110000
001000000011010101101101011000
001011111011111111101111111000
001011011011111111101101011000
001011011010101010101111111000
000011111010101010101111111000
001111111011111111101111111000
001110101011100011101101011000
001110101011101011101101011000
000011111010101010101111110000
001000000011101011100000000100
001111111000000000001111111100
001111111111111111111111111100
000000000000000000000000000000
000000000000000000000000000000
000000000000000000000000000000