000000000000000000000000000000
000000000000000001110000000000
000000000000000111111100000000
000000000000001110100110000000
000011101100011101000011000000
001111111110011010101011000000
011100000111011010111110111000
011010101111001101111101101100
011111111101100110100011110100
001011011111100000100110110100
000000000011000000111100011000
000101111001110001100000000000
001111011100010011000001111100
011010101110011010000011001110
011101111100001110000110110011
001111111001111100011101111001
000111001111011110110110111010
000000000010000111100011101100
000000000000000011000000000000
000000000000000011011000000000
000000000000000111111000000000
000000000000001110110000000000
000000000000011100000000000000
000000000000011100000000000000
000011111111111111111111100000
000001101101111110110111000000
000001110110111111011011000000
000000111111111111111110000000
000000111111111111111110000000
000000000000000000000000000000