000000000000000000000000000000
000000000000000000000000000000
000000000000000000000111000000
000000000000000000001100000000
000000000111010000011000000000
000000000011111000010000000000
000000000111111100110000000000
000000000011111100100000000000
000000000011011101100000000000
000000110001101101000000000000
000000011101101101000111100000
000011101110110110111111110000
001111111111111101111111000000
000011110011111010011111110000
000111111100110011100111111000
000011111111000111111011111000
000000110011110111111101111100
000000001111101011111111110000
000000111111011101110111111000
000001111100111101111011111100
000011111011111110111000111100
000000110111110110111100010100
000001101111101111111100000000
000011111111101111110110000000
000001111011001111111000000000
000011111001000111111000000000
000111010000000101111000000000
000000000000000000111000000000
000000000000000000010000000000
000000000000000000000000000000