000000000000000000000000000000
000000000000000000000000000000
000000000000000000000000000000
001100000000110000000000000000
011110000001111000000000000000
011111000011111000000000000000
011111000011111000000000000000
011110111111110000000000000000
011111111110011000000000000000
001111110010111000000000000000
000111110111110000000000000000
000011111111111100000000000000
000011111111111100000000000000
000001111011111000000000000000
000001111100001000000000000000
000000111111001000000000011110
010000001101110000001111111010
010000011100000000011110110110
011000011110000100101111101110
001100011111111110110111011110
000110111111111101111010111110
000001111111000001111101110110
000011101111100001111101111110
000011011111100001101101111110
000000011111111100111101101110
000011111011111110111101111100
000111111000111110011101111000
000111110000000000001111110000
000000000000000000000000000000
000000000000000000000000000000