111111111111111111111111111111
111111111001111111100111111111
111111100000011110000001111111
111111101110001110011101111111
111111001111101100111101111111
111111101111100001111100111111
111111100111100001111001111111
111111100001110011100011111111
110101011000001000000110011111
110000000000001100000000000011
111000000000001100000000000111
110000000000001100000000000011
110000000000001100000000000011
111000000000001100000000000111
111111111111111111111111111111
111110101011111111111010101111
111100000111111111111000001111
111100000111100101111000001111
111100001111101101111100001111
111100001111001000111100001111
111100011110001100111110001111
111100000010000000010000001111
111100000000001100000000001111
111100000000000100000000001111
111100000000001100000000001111
111100000000000100000000001111
111111111111111111111111111111
111100000000001100000000001111
111100000000001100000000001111
111110000111111111101010101111