000000000000000000000000000000
000000000000000001111100000000
000000000000000111111110000000
000000000000001111000111000000
000000000000001110000011000000
000000000000011110010011000000
000000000000011110100011000000
000000000000011110100110000000
000000000000011110011100000000
000000000000111111000000000000
000000000000111111000000000000
000000000000111111000000000000
000000000001111111100000000000
000000000001111111100000000000
000000000001111111100000000000
000000000001111111110000000000
000000000001111111110000000000
000000000011111111111000000000
000000000011111111111000000000
000000000011111111111000000000
000000000101110001110100000000
000000000100000100000100000000
000000011110000100001111000000
001111111111110001111111111110
001100111111111111111111100110
000110000111111111111100001100
000011110000000000000001111000
000000111111111111111111100000
000000001111111111111110000000
000000000000000000000000000000