000000000000000000000000000000
000000000000000000000000000000
000000000000000000000100000000
000000000111111000000110000000
000000001111111100000110000000
000000000001111110001110000000
000000000001111111011110000000
000000000000111111111110000000
000000000000111111111110000000
000000000000011111111100000000
000000000000011111111000000000
000000000000011111111000000000
000000000000011111110001111000
000000000000001111110111111100
000000000000111111111111111110
000000000011111111111111111110
000000000111111111111111000010
000000011111111111111111000000
000000110011111111111110000000
011111100111111111111110000000
011100001111111111111110000000
000000111111110000110111000000
000000111111110001110011000000
000001110111100011100011100000
000001100111000010000000110000
000011100111000011000000011110
000011110011110001111000110101
000011110001110011010100000000
000000000000000000000000000000
000000000000000000000000000000