000000000000000000000000000000
000000111110000000111111110000
000011111111100000111111110000
000011100011100001110001110000
000111000001100001100000110000
000110001010100001010100010000
000110000000100001000000010000
000110001110100001011100010000
000111001111000000111100100000
000111100011000000110001100000
001111111100000000001110000000
000101111000000000111111100000
000110010100000001111111110000
000011011110000011111111110000
000001111111100110111111111000
000000111100111100111111101000
000000111110011000111111101100
000000111110000000111111100100
000001111110000000111111100110
000001111111000000111111100000
000011111111100000111111100000
000000110110000000111011000000
000000110110000000110011000000
000000110110000001110011000000
000000101100000001100011000000
000000111000000011100011000000
000000110000000011000011000000
000001100000000011000011000000
000001100000000011000011000000
001111111111111111111111111110