011111111111111111111111110000
111111111111111111111111111000
111000111111000000000100011100
110000111111000000110100001110
110110111111000000110100000111
110100111111000000110100000011
110000111111000000110100000011
110000111111000000000100000011
110000011111111111111000000011
110000000000000000000000000011
110000000000000000000000000011
110000000000000000000000000011
110000011111111111111110000011
110000111111111111111111000011
110000111111111111111111000011
110000111111111111111111000011
110000111111111111111111000011
110000100000000000000001000011
110000100000000000000001000011
110000111111111111111111000011
110000100000000000000001000011
110000100000000000000001000011
110000111111111111111111000011
110000100000000000000001000011
110110100000000000000001011011
110110111111111111111111011011
110110100000000000000001011011
111000100000000000000001000111
111111111111111111111111111111
011111111111111111111111111110