000000000000000000000000000000
000000000000000000000000000000
000000000000000000111111111100
000000000000000000111111111110
000111000000000000111111111111
000001110001100000010100011111
000111011101111000110110001111
000000000001111111111110000111
011111111101111111111111000111
000000000001111111100011000111
000111011101111001111111000110
000001110001100011111111100100
000111000000000111111111110000
000000000000000111111111110000
000000000000000111000001110000
000000000000000111000001110000
000000000000000111000001110000
000000000000000111000001110000
000000000000000111111111110000
000000000000000111111111110000
000000000000000111111111110000
000000000000000111111111110000
000000000000000111111111110000
000000000000000111111111110000
000000000000000111111111110000
000000000000000111111111110000
000000000000000111111111110000
000000000000000111111111110000
000000000000000111111111110000
000000000000000000000000000000