000000000000000000000000000000
001111111111111111111111111110
001101111110000000011111110110
001111111000000111111011111110
001111110000011111111110111110
001111100000111111111110111110
001011000001110111110001000110
001110000011111111111100011110
001110000011111111111001001110
001100000111111111111111111110
001100000111111110111111111110
001000000111111111111111101110
001000000111011111111101111110
001000000111111111111111111110
001000000111111111001111011110
001000000011111111010111111110
001000000011111111001111110010
001000000001110111011111101010
001100000001111110001111011010
001100000000111101010110111010
001110000000011101010101110010
001010000000001110011011000010
001111000000000000100000000010
001111100000000000111000000010
001111110000000000001000001010
001011111000000000001000011010
001111011110000000001100111010
001111111111100000000011111010
001111111111111111111111111010
000000000000000000000000000000