000000000000000000000000000000
000000000000000000000000000000
000000000000011000000000000000
000000000000111100000000000000
000000000001111100000000000000
000000000001111100000000000000
000000000001111000000000000000
000000000000011111111110000000
000000000000111111111111110000
000000000001111111111111111000
000000000001111111110000111000
000000000001111111110000011100
001100110001111111110000001100
011111111111111111111111111111
001100111111101111111100001110
000000001111100111111110000000
000000000011100111111110000000
000000000000000111111111000000
000000000000001111111111000000
000000000000001111011111000000
000000000000011110001111100000
000000000000111100001111110000
000000000000111000000011111000
000000000000111000000000111100
000000000000111000000000001110
000000000000110000000000001110
000000000001110000000000011100
000000000001110000000000011000
000000000111100000000000000000
000000000000000000000000000000