000000000000000000000000000000
000000000000000000000000000000
000000000000111111110000000000
000000000001000001110000000000
000000000001001001111000000000
000000000010011001111000000000
000000000011111001111000000000
000000000011111001111000000000
000000111111110001111100000000
000011100000110001111100000000
000111111110110000111111110000
001111111111111000001100011000
001111111111111111111110111100
001111111111111111000001111100
000111100111111111111111111100
000011100100000001111111111000
000001110100001000111111110000
000000010010000000000111000000
000000001110000000000100000000
000000000010000011100100000000
000000000010000111111000000000
000000000011001110011000000000
000000000011110000011000000000
000000000001110011110000000000
000000000001111111110000000000
000000000000111111110000000000
000000000000011111100000000000
000000000000001111100000000000
000000000000000000000000000000
000000000000000000000000000000