000000000111100000000000000000
000000001100110000000000000000
000001111110111000000000000000
000111000111101111000000000000
011100001000010011110000000000
110000110001001100011000000000
100011100001100111001000000000
111110000100100011101000000000
111000000100110000101000000000
010001001100010000111000000000
010111001000011001100011100000
011110011000011111000101110000
000011111100110000111111110000
000000001111100011100011101110
000000000010001110011110110011
000100000010011100110110010001
001100000010010001100100011000
001100000010010011001100001101
001000000010010110011000001111
101000000010011100011000000110
111000010011001110111100011100
011101010011000111101111110000
001101110001101000000111000001
000110110001101101001100000011
000110100000111101101100100111
110011100010011100111000101100
011001110111001110011001111000
001111110001101110011011000000
000000111110110111010111111100
000111100111111011111100111111