000100100000000000000000000000
010101001000000000000000000000
010111010000000000000000000000
111111110100000000000000000000
111101011000000000000000000000
110110011000000000000000000000
111001001100000000000000000000
111110001100000000000000000000
011111100110000000000000000000
011110010011001111000000000000
011101111001111101110000000000
001111110000110110100000000000
001111101110110001100000000000
000111111100011111000000000000
000011111000011111000000000000
000001111000101111100000000000
000000110000011100100000000000
000000010001110001110000000000
000000110111100001011000000000
000011100111100010001100000000
011111101110000111000110001000
110010111000111111010011110000
111101111111011110111100100010
110011010100011110110110111100
011110110100011111011011011011
011110101100001111011011111110
000101101100000111111101110001
000111110100000011111110111110
000011111100000000111111111100
000000011000000000001111111111