000000000000000000000000000000
001100000000000001111111111100
010110111111111000001111111111
110111000001111111000000000001
011110111110111110111111000000
001101111100000000111111000000
010011111000000000011011110000
010111111100000000011100110111
010101111100000000011110111111
010101111101000010001110110010
000101111110100101011110110100
101110111101100011011110110100
101111111000000000011111110100
101011111000011100011111011100
101000111000011100001100001100
101000001100001000001011001100
100000001111101011110111001100
100000011000111110001111011100
100000011000000000001110010000
101110011000110110000000011000
001110001101111111000000001100
111111101101111101000000001110
111011101100111010000000000110
111001100100010100000000000010
001110001111001000000011000011
001110001110011110001111100001
000100001000010010000011110101
001100010000010001000011011111
011101010101010001010101100111
000111011111110001111111100000