000000000000000000000000000000
000000000111100000000000000000
000000011111111000000000000000
000000111111111100000000000000
000001111111111110000000000000
000001111111111110000000000000
000001111111111110000000000000
000001111111111110000000000000
000001001100011111110000000000
000001001100011111111100000000
000001111111111110100100000000
000000111111111100110110000000
000000111111111100010011000000
000000111111111110010001100000
000000111111111110011000111000
000000011111111111001100001000
000000011111111111000110000000
000000000011111111100000000000
000000000011111111111000000000
000000000011111111111111110000
000000111111111111000011111000
000011111111111110111101111100
000111111111111101110000111100
000111111111111101110010111110
001111111111111101011000111110
001111111111111101111000111110
001111111111111110110001111110
001111111111111111000011111110
001111111111111111111111111110
001111111111111111111111111110