000000000000000000000000000000
000000000000000000000111100000
000000000000000000001111110000
000000000000000000001100011000
000000000000000000011111001110
000000000000000000011111110000
000000000000000000100111110000
011100000000000001111001100000
011110000000000011111110110000
001111000000000111111111010000
000111000000001111111011010000
000011100000110111111011010000
000001110011111011111011110000
000000011101111100110111110000
000000001110011111001111100000
000000000111100000111111000000
000000000011111111111110000110
000000000000111111111100011010
000000000000001111111001110010
001111111100000010100011000010
000000001011111111111100111100
000000110000100000000001111100
001111110000010001100011111110
011110111000001111110011111010
011110111100011000110011110110
011110111100011111011011101110
001101111000011111111011111100
001111110000001111111001111000
000111100000000111110001110000
000010000000000011110001000000