000110000111111111111000011000
000011111111111111111111110000
000011111111111111111111110000
000010111111111111111110011000
000011000011111111100001101000
000010111100111111011110110100
000101101110011110110111011100
001001111110011110111111001100
001000111100011110011110001100
001000000000011110000000001100
001000000000011110000000001100
001100000000111111000000011000
001111000011101101110000111000
011111111110001000011111100110
011111000000000000000000111110
011111011111111111111110011110
011111000100010001000100011110
001111000100010001000100011100
000111011011101110111010111100
000111100001000100010000111100
000011100001000100010001111000
000001110110111011101001110000
000000011000010001000011100000
000000011100010001001110001111
111111101111111111111110111111
111111110111111111111101111000
011111111011111111111101100000
000000000001111111111000000000
000000000000111111110000000000
000000000000001111000000000000