100111001110100101110110011001
111101110011110110101101110111
011100111101110110111101111110
010110011110111011011011110001
111011100011101111011111100111
111100000001011010110000101111
001001110000011011100000011111
111110010000011110010000011111
111000111100001100011100001100
011101101110000100011011001111
100100111010000100110110001011
011100000011000100100000011101
110110000011000000110100111111
101110000010000000010110111001
001110000110000000100010101110
111001000101100000100011100111
110111101100111111110001011011
011110111000011111000111111100
111101101001011110010011111110
111110011100100100100100010111
010011111101000100010111001011
100111110011111011111111111001
101111101111000000010101111101
001111011101000000011110011100
011110111011100100110111001110
011101111010101111010010111110
000101101010101111101010110010
000001001011110101101011011000
000000001101010001011110110000
000000000101000000000100000000