010110100000000011100001101101
111111110000000110100111111111
111111110000000101101111111111
011010110000001101001111101101
010010100000001011000100100101
111111111111111011111111111111
001111110000010110000111011111
011111111111111100000000000011
101010101011001111111111111100
111111111111011110101010101011
000000000111111111111111110000
110001100110111110000000000011
000000000110111110110111001100
100111000001000100001111000011
111000000101001100001110000111
111111111010001111111111111111
110000001010001110000100000010
110000010110100110110001111010
101111010100100110111000101001
101010101100000110110000000111
000000111000000111010000001111
111100010000000011111000001111
010101111111111111111000001111
000001011010011010101011110101
111111111111111111111010100100
101010110101100100111000000000
010101101011000011001000000000
111111100010001001111010100101
100001001010011101001111111111
101101001010011101001010100101