000000000111111111111111000000
000000111110011111111111111000
000001111000111101111100111100
000011100001100011110110011110
000111010011000110111011101110
001110100000001101111111110111
001101100000011001111110111011
011001000000010011111111111001
011011000000100111111011101101
011011000000000110110001100101
111110000000001101100011000111
110100000001011111000010001111
110100000011111110110000111010
110100000011111100001101001000
111000000011110001111001111100
111000000011110010111001011000
111100001011100001110001111000
011110001101100000000000101000
011110000100110000000011100100
001111011110110000000100000100
000011111111011000000000110100
000001111111111000000001101000
000000001111100000000010011000
000000000001000110000000010000
000000000001000011100000110000
000000000111000011111111100000
000000111111100001100000000000
000001111111100001111000000000
000011111111100001111100000000
000111111111110011111110000000