111111111111111110000111110011
110011111000000000111000011000
100111000001111101100111101110
101100001111010111111000000011
111001110110000011110111110111
110011101100000001111110000011
100111011100000000100011111110
101110111001101100111000000000
111100110001111100001100000000
111001100011000110001100111100
111011010110111011010101101111
110011000100010001000101011101
100011100110110011001101111011
101110110011101110011000111110
111110111100111000111111101100
111101100111000011000111001001
011001000011111110010000111001
100011000000100100011011110011
100110001111000011001110000110
110100111100000001100111000101
110110010000000000110001110101
110111010000011100110111011011
100111110000111010011110001111
011011111000111100011100001110
110000011000000001110001100100
100011001111001111110010101101
100101011111111110011011011011
110110111000000000001110110011
111011100101110110100011100111
111100011110101101111101011111