000000000001000000011110000000
000000000010100001110001100000
000000000100010010000000100000
000000000100010010011111000000
111100001100110001110000010000
110010111111100000000000110000
110001111111000000000000110000
111001111111110000000101111000
011001100011110000000011101000
001111001111111000111110111000
000111011100111100011011010100
000011011110110110001111111110
111001100001110010000101111110
001100111111111010000011111011
100100001111111100000001101000
011000010011111000000001101000
000000011000111100000011001000
000000001000111110000110001000
000000001001111011100100001000
000000001001011110111100001000
111010101101111111111000001111
111101110111101111110001000101
101111111011111101100001000110
010110011101111111100010000111
001101011110111111100010000011
111110111110111111000011000011
011111101110110010000111100011
101111010110110110001111100111
011111101110110100011111001110
111111111110100101111111001101