000000100111111110000111111001
000000101110011111111011111110
000001101111110111111101111110
000001011111111101111110111101
000001011001111110111110111011
000111011111011111000110110111
000100101111110000011110101111
001011110100011111111100001111
110111001111111111111000110111
000110111111110011110000110011
011111110001110101000110000011
111011101100110110001111000011
001111110110000000111101100011
110001111011000111111000010111
001111110010110011100001011011
111110011110110000010111101011
111001100001011000101111101101
100010000011100111110111110111
001100001111110011111011111111
110000111110001101111101111111
100001110100011110111011111111
000011100000111111011011111000
000111110001111110111111110111
011100000111111101111111001100
111000111111110011111100110000
000011111111101111100011000000
111111110011111111001110000000
111100101111111100111000000000
110011011111100011000000000000
101110111000011100000000000000