010010000100000111010111110000
010110001011000011010111111100
010110011001110011001111111110
010110110000110001001101111111
010110101101101001000100011111
010110010011010101101001010011
110110011110000101101100001010
110010011111001101100100100110
110010001110111001100011000100
110000001110010001100001001001
110100011010110000101111011001
110110111011100000000111111001
010010110011000000111011101100
000011100111000001101111101100
001101101101000010111101101010
010111111000100011000101011010
110011111100100000000011010010
000111011110011000000010111110
001101011111001000000011111100
011001011111111100000111111100
111011101111111100001111111110
101010101010111110011111111111
101010101010101010011111111111
110101010110101110111110111111
011101010101011000111110111111
001111111101100101111100111110
000010100111011010010100011100
000011011000000001101011111000
000000000001111110000010010100
111111111111111111110001101100