001100000000110001101110000000
011111000000011011011100000000
101100000001111111110100000000
101100000011001010000110000000
011110000010000000000011000000
001101000111110001110011100000
001101001100010011011010100000
111110011001110110001010110000
001100110010100111001010011000
000000100111101101101000011000
000000101111001111101000011000
000001101111011111001000011000
011111100111011110001000001000
110001111001011100011000001010
110110111101110000010000001110
111111011111110000110000001100
011111101111011100111100011110
001111100111111111111110111011
000111111011111111111110000010
000011111011111111111100000111
000000111101111111011100000011
000000011100111110111000000110
000000001100011100111000011100
000000001110000001111001111000
000000001111000001110111000000
000001110111000011101000000000
000111110111111111101111000000
001111011011111111011111110000
011111011101111110111011111000
111111101110000001110111111110