000000000000011111100000000000
000000000001111111111000000000
000000000011100110011100000000
000000001111000000000110000000
000000111111011100111111100000
000001100011001000010100111000
000011000001000011000100011100
000110000001100011001100001110
000110000000111000011000000110
001100000010001111111100000011
001100001110000000000110000011
001100011100000000000011000011
001000110110101100110101100001
011001100111111000011111100001
010001101100000000000001000001
010000101000000000000011000011
011010101100000000000010000110
111111111110000000000111000111
111111110011000000001110111111
111111000001111111111100001111
111110000000111111111000000011
111100000000011111110000000001
111000000000100111110000000001
111000000011110111101000000001
111000000001111011011110000001
111100000000111111111100000011
111110000000111111111100000111
111111000001111111111000001111
111110000111111111111110001111
111000000111111111111111000011