111111000111011100011000110000
011011110001111110011101110000
011100111000111000111001100010
110110010000000000111011100110
110010000110000111110111101011
010010001111101110000111011011
000110011001111001101110111011
001110001100010111001001110111
011011100110111110110001101110
111001110001111001111110111000
111011000011000011110101110000
111011100111101101111001011000
110001101110011100000111001000
100000101100011000011110111000
000000011001100110111101111100
000000111011101111000011110100
011000110011011110110111110100
011101100000011001111100101100
001101100110100111110011101100
000101110110111110010111101100
001111110000110000010111101100
111000111001000000011011011100
111000011111100000111100111100
100110000001111100110111010100
001111000111010000110111100110
011110001110111001110111101010
011100011100111001011011011010
110000011100110001011000011110
111110001000010001101011001111
100111000000000011110011101111