001111001110000110111011000000
011111110111001111011111100000
110000111011101111111111110000
001110011101100011111000110000
011111011101110000110011011100
110111101101110000010001010110
000011110110110000110000001111
011100110110110001100000011000
111111011110110001100000111100
100111101111100001000000111100
000011110111110011000000111110
011100111011101111000000011110
111111001111111110000001001100
111111110111111100001001001000
111000111111111000001011011000
100111111111111000011111010000
001110111111111101111111110000
011011101111111111111111100000
010111011111111111111111000000
000110110111111111111111000000
000100110011111111111111000000
000000100001111111111110000000
000000000000011111111110000000
111111111111101111011101111111
000000000000000110001100010000
000000000000001100001010000000
000000000000000100011000101001
000000000000001110001111000000
000000000000011011011100000000
000000000000000000000110000001