000000000000000000000000000000
011111110011111111111111111111
011111111011111111111111111111
011111111001111111111111111111
011111111101111111111111111111
011111110000011111111111111111
011110000000001111111100000000
011100100000001110000001111110
011101100000000000111111111100
000001100000011011111111100000
000111101111111011111100000000
000000000011110111110000000011
001110000000001110000000001111
001111110000111000000001111111
001111111100000000000111111111
001111111111000000111111111111
001111111111000011111111111111
001111111111001111111111111100
001111111111011111111111110000
001111111111011111111110000000
001111111111011111111000000000
001111111111011111100000000000
001111111111011110000000000011
001111111111011000000000001111
001111111111000000000000111111
000111111111000000000011111111
010001111111000000001111111111
011100011111000000111111111111
011111000011000011111111111111
011111111000001111111111111111