101110100000001111111100000101
101110100000111100111111000101
101110100011111111101111100101
101110100110111011111001110011
000000001111111111000010111011
011101111110000001111111101001
111111001111111011111100000101
100101111111101111001110000101
111100101000111111111100000010
100111111111111000100000000010
100111001110011111110011110010
111111111111111111000111101010
011101111111110001100001011000
011100111110111111100000000001
001111101111111101000000000001
100010100110001100000000001111
100011010011111110110000000101
111001000001111111110000001101
111110000001110101111000000101
111110100001110010111100000001
101111100001110000111111110101
101111100001100000111111111011
101111100011100000011100000011
101111100011000000011100011111
101101100110000000011000111101
101101100110000000011000110101
101101100100000000011000110101
101101101100000000011000110101
101101111000000000001000110101
001101110000000000000100110101