000000000000000111111101100000
000000000000000000111111111000
000000000000001111111011111100
000000000000000011110001110100
000000000000000111110000110000
000000000000011111100111011000
000000000000000111100010011100
000000000000111111001000001110
000000000000011110101100000111
000000000001111110100111101001
000000000000111100110111110011
000000000001111001110111011110
000111000011110011101111000000
001110101111000011001111000000
011011011111010100001101000000
110111111110110010011101000000
110111111100100111001001100000
111111011001000011101010100000
111110011001100001110111010000
011010001001111101100101011000
110110011011011111101101101000
010110010010010010101100101000
011100010010110111101101101000
111000010111100101001101011000
000111010101001001101001010111
111111010100101000101001010111
111111010100101010110101110111
111111010101011010110101101111
111111011101011011001110011111
111111011011100111111111111111