110000011000000000000011100000
101010110100000000000110110000
110110111010100110001101111000
110111111010111100011011011100
110101111111111001111011101110
111101111111111111100111000110
111110111110001110001111110110
111110111000000111011001100110
101111011100000001011011110110
101110011100111000010110111100
100110011001111100011011111100
100110011001101110001001101000
111111110011000011000110001100
110011100011001101000000010110
100000110010010110000011111010
111000000011011111101111111011
111110000001011110011111111001
110011000000101100000111110111
110001100000000001100011101001
110011110000000110011000000111
011000111000000001100001110011
011101101000000111000011011110
001100011100000000111110000110
001110000110001000011000011110
000011100110001100001101110011
000001111100000111000111001111
000000011100000011100011111001
000000111000000001111000000011
000111110000000001111110000110
111111000000000000111111111100