000000000000111110011111110000
111110000011111100000000000001
000000000111111000001110000111
110000011111111000000000011111
000000111111111100000000111110
111001111111111100000000111110
000001111111111110000001111100
000011111111111111000011111000
000011111100000011100111111000
000111100001101100111111111000
011100001000111010011111110000
110011101101111111000111100000
100110100101111111100111000000
110111100100111110001111100000
100111000101111100111111110000
110000000101111001101111110000
011000001101111101001111110000
001100111001100001000111110000
000111100000001111110011111000
000000111000111011111011111100
110001111111100011111000111110
000001111111000001111100001110
111011110111100001111100000110
000011110111110000111110000110
000111110111111000000000000010
000111100011111000000000000000
000111100000111100000011100000
000111100000000100001111111100
000011000011100000111111111111
000001100111111001111111111111