011111000000000000001101000000
001011111100000000011011000000
000100000111111000110111100000
000111111000011101101110110000
000010111111101101101111111000
000011000001101101011111111100
000001111111011011011100001000
000000101111010011011110000000
000000010001010011101110000000
000000001111010011101110000000
000000000011010111011111000000
000001110001110110111111000000
000111111100111111111111000000
000111001111111111111111000000
001110011111111111111111110000
001111011111111111111111111100
001111011111111111111111111110
001111011111111111111111100110
001111011111100111111111000110
011110011111011111101100000110
011100011110111000011100000110
011000011101110000011000001100
010000111001100000011000001100
001001110011100000110000000000
000001100011000000110000000000
000011100011000000110000000000
000011000011000000110000000000
000011000011000000110000000000
000001100001100000011000000000
000001100001100000011000000000