000000000001111011000000000000
000000000111110111011000000000
000000011111110110110111000000
000000111111101101101110000000
000000111111101101011100000000
000001111111111111011000000000
000001111111111111111100000000
000011111111111110011100000000
000011111111000000001100000000
000011111110011110011100000000
000001111001101110111000000000
011001111011101100111000000000
011100110011100001111100000000
111100110000011101111100000000
011110101110111101111110000000
011110101110111001111110000000
111111101100110011110001000000
011111110000000111100101100000
011111110011100000100110110000
111111100111111001110000111111
011111001111110011111001111111
011001101111110111111111111110
010011011111001111111111000000
000111011000011111111100000000
001111100011111110110000000000
001111111111001110000000000000
011111111100011100000000000000
011111111001111000000000000000
011111000011100000000000000000
011100000000000000000000000000