000000000000000000000000000000
000000111111000111100000000000
000011111111111111111100000000
000000001111111111111111000000
000000001111100000001111100000
000000011111000000000111110000
000000111110000000001111011000
000001111111100000111111111100
000001111111111111111111111100
000001111111100111110111000000
000011111110000111100110000000
000011111110011111001100000000
000111111100111100000000000000
000111111100000000000000000000
000111111000000000000000000000
000111111000000000000000000000
000111111000000000000000000000
000011111000000000000000000000
000011110000000000000000000000
000001110000000000000000000000
000001110000000000000000000000
000001110000000000000000000000
000001111000000000000000000000
000011111110000000000000000000
000011111111000000000000000000
000011100000000000000000000000
000111000000000000000000000000
000110000000000000000000000000
000100000000000000000000000000
000000000000000000000000000000