000000000000000000000000000000
000001100000000000000000000000
000000110000000000000000000000
000000011000000000000000000000
000011111111111111111111111100
000011100110000000000000011000
000001110011000000000000011000
000000111001100000000000110000
000000011100110000000001110000
000000011111111111111111100000
000000001110011000000011000000
000000000111001110000110000000
000000000011101111001100000000
000000000001111111111100000000
000000000000111110111000000000
000000000000011111110000000000
000000000000001111100000000000
000000000000000101000000000000
000000000000000101000000000000
000000000000000101000000000000
000000000000000101000000000000
000000000000000101000000000000
000000000000000101000000000000
000111111111111101111111111100
000000000000000101000000000000
000000000000000101000000000000
000000000011111101111000000000
000000000111110000000110000000
000000000011111111111100000000
000000000000111111110000000000