000000000000000000111100000000
000000000000000000011111000000
000000000000000000001111110000
000000000000000000000111111000
000000000000000000000111111111
000000000000000000001111111111
000000000000000000111111111110
000000000000000000011111111000
000000000000000000011111110000
000000000000001000011111100000
000000000000011000011111000000
000000000000010000011111000000
000000000000001111111110000000
000000000110010111111110000000
000000000011101111111110000000
000000000000111111110000000000
000000000000111111111000000000
000000100001111111111000000000
000000111111111111111100000000
100001111111111111111110000000
111111111111111111111110000000
111111111111111011111110000000
111111111111111001111111110000
011111111111111000111100111000
011111111000000000000100011000
001111110000000000000111000000
001111100000000000000011100000
000111100000000000000000100000
000111000000000000000000000000
000011000000000000000000000000