000000000000000000000000000000
000000000000000000000011100000
000000000000000000000110111000
000000000000000000000111000000
000000000000000000000110000000
000000000000000000000011000000
000000000000000000000001100000
000000000000000000000001110000
000001110000000011100000110000
000011111000001111111000011000
000111011100111111111110011000
000101011111111000111111011100
000101101111100110011111111100
000110111111001111100111111100
000011111111010001110001111100
000000011110011100111011111100
000000000111000111000111111100
000000000011111000011111111000
000000000111111111111111110000
000000000111100111111111000000
000000000111000011111000000000
000000000110000001110000000000
000000000110000000110000000000
000000001100000000111000000000
000000001000000000011100000000
000000011000000000000111000000
000000110000000000000001110000
000011110000000000000001111100
000111100000000000000000011100
000000000000000000000000000000