000000000000000000000000000000
000000000000000000000000000000
000000000000001111000000000000
000000000000011111100000000000
000000001111011110100000000000
000000011111101101111000000000
000000111111110111001000000000
000000111101111111110000000000
000000111010111110001000000000
000000111110100100101100000000
000000011101001100000010000000
000000000010001100001001000000
000000000011111110000111000000
000000000000111111111110000000
000000001111111111111000000000
000000111111111111111110000000
000001111111111111111111110000
000011111111111111111111111000
000011111111111111111110111100
000110111111111111111111011100
000101111111111110011111100000
000101111111111000000011100000
000001111111000000000001110000
000001111110100000000000110000
000001100001100000000000000000
000001100111000000000000000000
000011101100000000000000000000
000111001100000000000000000000
000110001100000000000000000000
000000000000000000000000000000