000000000000000000000000000000
000000000001111111111000000000
000000001110101011011110000000
000000111001001010101111100000
000001010110010010010111110000
000011101010010001001011111000
000111010100010001000101111100
000110101000010001000011111100
000111011000100000100010111100
000111100000100000100011111100
000111010100100000100010111100
000111101010100000100001111100
000111110101100000100000111100
000111111010100000100001111100
000111110101110101110101111100
000111111010101010101011110100
000011111101110101110111101000
000001111110101010101101010000
000000111111110101011011100000
000000001111111111111111000000
000000000111111111111100000000
000000000011000100011000000000
000000000001100100110000000000
000000000000110101100000000000
000000000000011111000000000000
000000000000111101100000000000
000000000000111001100000000000
000000000000011111000000000000
000000000000000000000000000000
000111111111111111111111111100