000000000000000000000000000000
000000000000000000000000000000
000000111111111000000000000000
000000011111110000000000000000
000000001111100000000000000000
000111001111100000000000000000
000111111111110000000000000000
000111111111111000000000000000
000111111111111111010000000000
000111111111111111111000000000
000111111111111101101000000000
000111111111111100100000000000
000111000000111000100000000000
000000000000111000100000000000
000000000000011100100000000000
000000000000011100100000000000
000000000000111110100000000000
000000000000000110100000000000
000000000001110110100000000000
000000000000100110101111111000
000000000000100110111111111100
000000000000111110001111111000
000000000000111100000000000000
000000000000100000000000000000
000000000000100000000000000000
000000000001010000000000000000
000000000010001000000000000000
000000000011111000000000000000
000000000000000000000000000000
000000000000000000000000000000