000000000000000000000000000000
000000000000000000000000000000
000000000100000000000000000000
000000001100001000000000000000
000000001110011000000000000000
000000011111111100000000000000
000000011001111101111000000000
000000111011001111111110000000
000000111111011111111111000000
000011111111111111111111000000
000000011101110011111111100000
000001101111111101111111100000
000010010011101111111111100000
000000100000110111111111100000
000000000000011111111111110000
000000000000011111111111110000
000000000000001111111111110000
000000000000001111111111110000
000000000000001111111111110000
000000000000011110011111111000
000000000000011101111110111000
000000000000000001111101111000
000000000000111000000001111000
000000000001111100000011110000
000000000001000111111111110000
000000000001000011111111100000
000000000000110111111110000000
000000000000001111111000000000
000000000000000000000000000000
000000000000000000000000000000