000000000000000000000000000000
000000000000000000000000000000
000000000000000000100000000000
000000000000000000110100000000
000000000000000000110110000000
000000000000000000110110000000
000000000000000000111110000000
000000000000000000111110000000
000000000000000000111111100000
000000000000000000011111011000
000000000000000000011111111100
000000000000000000001111111100
000000000000000000001111111000
000000000000000000011111100000
000000000000111110011111100000
000000000001111111111111110000
000000000111111111111111110000
000000001111111111111111110000
000000001111111111111111100000
000000011111111111111111100000
000000011100011111111111000000
000000111011101111110111100000
000000111111101110001011100000
000010111111011100001111110000
000110111110110000011101110000
000111111110100000011000111000
000011011111111000011000111000
000000001111111100011100011100
000000000000000000000000000000
000000000000000000000000000000