000000000000000000000000000000
000000000000000000000000000000
000110000111100000000000000000
000110001110111000000000000000
000011001101111100000000000000
000001100001111100001111000000
000000110000111100011111111000
000000010111111011011111110000
000000001101111110111111110000
000000001101111110111111110000
000000001110111111111101110000
000000000111011110111100111000
000000000011100111111100011000
000000000000111111111100000000
000000000011111111111110000000
000000111111111111111110000000
000000110111111111111111000000
000001100111111111111111011000
000001100111111111111111111100
000001100111111111111111101100
000011101111111111101110011100
000111011111111011001110111000
000110011100110011000110110000
000000011000110011000110000000
000000011000011001100011000000
000000010000001101100011000000
000000110000000110110001100000
000000110000000110110001100000
000111111111111111111111111100
000000000000000000000000000000