000000000000000000000000000000
000000000000000000000000000000
000000100000000010001111111100
000000100000000011001101111100
000000100000000111101111101100
000000100000001111101110111000
000000100000001011110110111100
000000100000011111110111111100
000000100000001111110111110100
000111111111100011110011011100
000000100000000011111001111100
000000100011000011111101111100
000000100001100011111100111000
000000100001100111111110101100
000000100000110111111110011100
000000100000110111111110011100
000000100000110111111110001000
000000100001110111111111001100
000000100001100111111111000100
000000100001101111111111001100
000000100001101111111111101100
000000100001111111111111101100
000000100000111111111111101000
000111111110111111111111101100
000111111111011111111111011100
000000000000001111111110011100
000000000000000011111000010100
000000000000000000000000111100
000111111111111111111110111100
000000000000000000000000000000