000000000000000000000000000000
000000000000000000000000000000
000110000011111110111110111000
000100000001111001111010001000
000000000000101101111100111000
000000000000110000011101111000
000000000000011110100100011000
000000000000111101110000100000
000000000000111111111000000000
000100000001111111111100011000
000110000011111111111000011000
000111101111111111110000011000
000111111111111111000000111000
000111111111111100000001111000
000111111111100000000001111000
000111111100000000000001111000
000111111100000000000000011000
000111111000000000000001011000
000111111000000000010010111000
000111111000000000110101111000
000111100000000111110111111000
000111000110001111101111111000
000111011100011111011111111000
000110111001111111111111111000
000110111011101100010001011000
000101110111010101010101011000
000011110111010101010111000000
000111101111010101010101010000
000111101111010100010001000000
000000000000000000000000000000