000000000000000000000000000000
000000000000000000000000000000
000000000000000001100000000000
000000001000000011110000000000
000000011100000111111000000000
000000111110001110111100000000
000001110111111100011100000000
000011110011111100001100000000
000011110111111100000000000000
000011101111111110000000000000
000000000111111110000000000000
000000001101101110000000000000
000000001101101110000000000000
000000001111111111000000000000
000000011111111111000000000000
000000011111111111000000000000
000000011100011111000000000000
000000011111111111000000000000
000000001111111000000000000000
000000000001100111000001100000
000000000011111111000001110000
000000000011111111110000110000
000000000011111011111000111000
000000000011011011111000111000
000000000011011011111001110000
000000000111011101111011100000
000000001111011110111111100000
000000001111011110110000000000
000000000000000000000000000000
000000000000000000000000000000