000000000000000000000000000000
000000000000000000000000000000
000000000100000000000000000000
000000001110000000000000000000
000000001110000000000000000000
000000111110000000000000000000
000001111111000000000000000000
000001011111000011110000000000
000011111111000111111100000000
000011111111001110001110011000
000001111110001100000111011000
000000111110001100000111000000
000001111110001101100011100000
000011111110001111100011100000
000111111111000111000011100000
000111111111000000000011100000
000111111111000000000111011000
000111111110000000000111011000
000111111110000000001110000000
000011111110000000001100000000
000001111111000000011100000000
000001111111110000111000000000
000000111111111001110000000000
000000111111111011000000000000
000000111111111110000000000000
000000111111111100000000000000
000000111111111000000000000000
000001111111111000000000000000
000001111111110000000000000000
000000000000000000000000000000