000000000000000000000000000000
000000000000000000000000000000
000000000000000011000000000000
000000000000111110000000000000
000000000111111111100000000000
000001111111111111111100000000
000001111111111111111110000000
000000111111111111111111000000
000001111111111111011111100000
000001111110011111011111110000
000011110110011110001111110000
000111100110001110000011110000
000111100100001100000001110000
000111110011110001111001110000
000011111000000000000011111000
000111101111111001111111111000
000111000010101111010101110000
000011010011111011111100100000
000011110000000010000001000000
000001110000000010000001000000
000000010000000001000001000000
000000011000000011000011000000
000000001100010000000010000000
000000000110001111000110000000
000000000011000000001100000000
000000000001100000011000000000
000000000000110001110000000000
000000000000001111000000000000
000000000000000000000000000000
000000000000000000000000000000