000000000000000000000000000000
000000000000000000000000000000
000011000000000000000000000000
000110000000001111000000000000
000111100000111111110000000000
000111100001111111111000011000
000011000001111111111000001100
000001100011100111111100111100
000000100011001110011100111100
000000110011100100111100011000
000000011111111110011100110000
000000011111011111111101100000
000000001111011111011111100000
000000000111110101011111000000
000000000011110101111110000000
000000000011111111111000000000
000000000011111111111000000000
000000000001111111110000000000
000000000001111111110000000000
000000000001111101100000000000
000000000001111101100000000000
000000000011111011000000000000
000000000011110111000000000000
000000000111101100000000000000
000000001111111000000000000000
000000111111110000000000000000
000011111111000000000000000000
000111110000000000000000000000
000000000000000000000000000000
000000000000000000000000000000