000000000000000000000000000000
000000000000000000000000000000
000000000001000000000000000000
000000000001100000000000000000
000000000001000000000000000000
000000000101110000000000000000
000000000111000000000000000000
000000011011011000100000000000
000000011110110010100000000000
000000001111111111110000000000
000000011111101100010000000000
000110111111100110000000000000
000111111111110000000000000000
000011111110110000000000000000
000001111110000000110000000000
000000011111000000111000000000
000000001111000000011000000000
000000001111111111111000000000
000000001111111111111100000000
000000000111111111111100000000
000000000111111111111100000000
000000001111111111111100000000
000000011111111111111110000000
000000011100111111111111000000
000000011110000000011111100000
000000001111000000000011110000
000000000011100000000000111000
000000000000000000000000011000
000000000000000000000000011000
000000000000000000000000000000