000000000000000000000000000000
000000000000000000000000000000
000001110000000000000011100000
000000011100000000000110111100
000000100111000000000111100000
000000011001111000000111000000
000000000110001111000110000000
000000001001110001100110000000
000000000110011111110110000000
000000000001111000010111000000
000000000000001111111011100000
000000000000110000001101110000
000011111000001111110000111000
000000011111111111111110111000
000000001111111111111111111100
000000000001111111111101111100
000000000110000111111011111100
000000011101111000000111111100
000000111011111111111111111000
000001101111100001111111110000
000011011010001110001100000000
000111010100001000011000000000
000010101000001000110000000000
000011101000001000011000000000
000001110000001000001100000000
000000010000001000000110000000
000000000000001000000011000000
000000000000011110000111110000
000000000000000000000000000000
000000000000000000000000000000