000000000000000000000000000000
000000000000000000000000000000
000000000000000001000000000000
000000000000000001000000000000
000000000000100001100000000000
000000000000111001100000000000
000000000000111101110000000000
000000000000000001110000000000
000000000000100001111000000000
000000000000100001111000000000
000000000000110001111100000000
000000000000110001111100000000
000000000010111001111110000000
000000000110111001111110000000
000000001110111101111111000000
000000011110111101111111000000
000000111110111110111111100000
000001111110111110111111100000
000011111110111111011111110000
000111111110111111011111110000
000000000000111111101111111000
000111111110000000000000000000
000000011111111111111111100000
000000001111111111111111100000
000000000111111111111111000000
000111000011111111111110011100
000000111000000000000000110000
000110011110011111011110001100
000011100001111000111101111000
000000000000000000000000000000