000000000000000000000000000000
000000000000000000000000000000
000111111111100000001000000000
000001111111111000111110000000
000000111111111101111111000000
000000011111111111111110100000
000000011111111111110111110000
000000001111111111100011111000
000000000111111111110001000000
000000000111111111111001010000
000001000011111111111100000000
000001000011111101111110000000
000001000001111110111111000000
000011100000111111111111000000
000011100000111011111111000000
000011100000010011111111000000
000011100000111111111110000000
000111110000111111111100000000
000111111001111111111000000000
000111111011111111111000000000
000111111011111100001100000000
000111111101111111111110000000
000111101101111111111000000000
000111110111111111111000000000
000111100111111111111000000000
000111111111111111111000000000
000111001111100111111100000000
000111100100111011111110000000
000000000000000000000000000000
000000000000000000000000000000