000000000000000000000000000000
000000000000000000000000000000
000111000000000000000000000000
000011100000000000000000000000
000001110000000000000000000000
000000111000000000000000000000
000000011100000000000000000000
000000011110000000000000000000
000000011111100000000000000000
000000011011111000000000000000
000000011011111111100000000000
000000011011111111110000000000
000000011011111111111000000000
000000001101111110111000000000
000000001110011111111000000000
000000000111111111110000000000
000000000101111000010000000000
000000000101000010000000000000
000000000101000010100010000000
000000000010100111001010000000
000000000001001011000111010000
000000000111001111000101101000
000000000110001110000111101000
000000001011101100000011001000
000000001101011101011011111000
000000000111111111111111110000
000000000001110101010111100000
000000000000011111111110000000
000000000000000000000000000000
000000000000000000000000000000