0000000000000000000000000
0001110000000111000000000
0011111000001111100000000
0011111100011111110000000
0011101111111011110000000
0001000111110001100000000
0000001111111000000000000
0000001111111100000000000
0000011011011100000000000
0000011011011110000000000
0000111111111110000000000
0000111111111110000000000
0000111111111110000000000
0000111111111110000000000
0000011100011100000000000
0000001111111100000000000
0000000011110110000001100
0000000010001111100011110
0000000011111111110011110
0000000011111011110011110
0000000011011011110111100
0000000011011011111111000
0000000111011101111100000
0000001111011110111000000
0000001111001110111000000