0000000000000000111110000
0000000000011111110100000
0000000000110111000100000
0000000111111100000100000
0000111111011100001110000
0000010000001000001010000
0000010000001000001010000
0000010000001000011011000
0000111000001000010001000
0000101000001000010001000
0000101000001000110001100
0001101100001000100000100
0001000100001000101110100
0001000100001001100100110
0011000110001001001110010
0010111010001001001110010
0010010010001011101110111
0110111011001000111111100
0100111001001000000000000
0100111001001000000000000
1110111011101000000000000
0011111110001000000000000
0000000000111110000000000
0000000111111111110000000
0001111111111111111111000