0000000000011111111110000
0000000011111111111111000
0000000111111111111111100
0000001111111111111111100
0000001111111111111111110
0000011001111111001111110
0000010000000000000111110
0000011000000000001100110
0000001111111111111001001
0000011000111000111101001
0000111111111111110110110
0001101100111001110010000
0001000111111111100011000
0011000000111100000001000
0010000000000000000001000
0110000110000011110001100
1110000111111110110001110
1100000011000001100001111
1100000001111111000001111
1100000000000000000001111
1110000000000000000001111
1110000000000000000011111
1111000000000000000111111
1111110000000000011111111
1111111111111111111111111