0000000001111111000000000
0000000111111111111000000
0000011111111111111100000
0000111111111111111110000
0001111111100000001111000
0011111100011111110011000
0111110011111111111101000
0111001111111111111110000
1110111111000011111100000
1101111110000011110000000
0101111110000010000000000
0011111110000011000000000
0000000010000001011110000
0000000010000001111111100
0000000010000011111111110
0000000010000001111111110
0000000010000000111111111
0000000010000000101111111
0000000010000001100011111
0000000010000001000010000
0000000010000011000010000
0000000111100010000110000
0000001111111110000100000
0000111111111111000111000
0011111111111111111111110