0011110001111111000111110
0111111011000001101111111
1111111100000000011111111
1111111101110111011111111
1111111101110111011111111
1111111101110111011111111
1111111100001000011111111
1111111100000000011111111
1111111110001000111111111
1111111111000001111111111
0111111100111110011111111
0111111001100011001111110
0111110011000001100111100
0000001111000001110000000
0000111111000001111110000
0001111111000001111111100
0011110111000001110111100
0011100111100011110011100
0011100111111111110000000
0000000111111111100000000
0000000011111111100000000
0000000011111111100000000
0000000001111111000000000
0000001111110111111100000
0000011111110111111110000