0000000011111100000000000
0000001111111100000000000
0000011111110000000000000
0000011111110000000000000
0000011111110000000000000
0000011111110000000000000
0000011111110000000000000
0000011111100000000000000
0000001111100000000000000
0000001111100000000000000
0000000111110000000000000
0000000011111000000000000
0000000001111100000000000
0000000000111100000000000
0000000000011110000000000
0000000000001110000000000
0000111111101110010000000
0011111111111110011000000
0111111111111111001111110
1111000000111111100011111
1110000000001111111000011
1111000000111110111110011
1111111111111110001111111
0111111111111000000011110
0001111111100000000000000