0000001100000000000000000
0000011110000000000000000
0000011110000000000000000
0000011110000000000000000
0000001100000000110000000
0000111111100011110000000
0011111111111111100000000
0111111111111110000000000
1111111111111000000000000
1110011111000000000000000
1100011111100000000000110
1110001111111110000001111
0110001111111111100001111
0111001111111111110000110
0011000111100011110000000
0000000111100000111001000
0000000011110000011111000
0000000011110000001110000
0000000001110000000100000
0000000111110000000000000
0000011111100000000000000
0001111110000000000000000
0001110000000000000000000
0000100000000000000000000
0000110000000000000000000