0011110000000000000000000
0011111111100000000000000
0011111111111000000000000
0011111111111000000000000
0001111111111100000000000
0001111000011100000000000
0000111100001110000000000
0000011110000110000000000
0000001111000000000000000
0000000011001100000000000
0000000000011110000000000
0000000000011110000000000
0000000000001100000100000
0000000000000000011100000
0000000000111111111100000
0000000011100001111110000
0000000111111111111111000
0000110111111111111101110
0000011111111111111111110
0000000111111111111111110
0000000111111111111111000
0000000111111111111110000
0000000011111111111100000
0000000011111111111000000
0000000011100000111000000