0000000010000000000000000
0000000010001000000000000
0000000011011000000000000
0000000011011000000010000
0000011111111000010110000
0000001111111000111110000
0000000111111100111111100
0000000111111101111111000
0000100011111101111111000
0000110011111111111110000
1111111101111111111100000
0011111111111111111000000
0001111111111111110000000
0011111111111111111111100
0111111111111111111111000
0000111111111111111111100
0000000011111111111111111
0000000111111111111110000
0000001111111110011111000
0000011111111011000000000
0000000111111001000000000
0000001110110001100000000
0000011000100000100000000
0000000000000000110000000
0000000000000000010000000