0000000000000011111110000
0000000000000111111111000
0001111111000000001111000
0011111111100001111111000
0011110000000000000111000
0011111110000000000011000
0011000000100010000111000
0011110000111110000110010
1001111011011101101110010
1000011111111111111100110
1100001111111111111000101
0111001111111111111011101
0011111111111111111111001
0000001111111111111000111
0011111111111111111111110
0111000111111111110000000
1100111111111111111111100
1001111111111111111001110
1011001100111110001100010
1010011000000000000110010
0011011000000000000110010
0001001100000000000110010
0001100110000000000100000
0000100011000000001100000
0000000001000000001000000