0000000000000100100000000
0000000001000110110000000
0000001001111111111010000
0000001111111111111110000
0000001111111111111111000
0000111111111111111111100
0000111111111100001111100
0000011111111011110111100
0000001111111111111111100
0000000011101111001111000
0000000000011110110011000
0000000000111000110011100
0000000001111110000110110
0000000011111011001100001
0000000111111001011111111
0000001111111001011100001
0000010111111000111110000
0000101111111100111110000
0001101011111110111111000
0001011011111111111111000
0011010111111110111111000
0011011111111110111111000
0110111011111111111110000
0110110111111111011100000
1110110111111111000000000