0000000100000000000000000
0000001100000000000000000
0000011000000000000000000
0000111000000000000000000
0001111000000000000100000
0011110000000000001100000
0011110000000000011000000
0111110000000000110000110
0111110000000001100011100
1111110000000011001110000
1111111000001111111000000
1111111110111111100000000
0111111111111111000000000
0011111111111111000000000
0000111111111110000000000
0000011111111100000000000
0000111111111100000000000
0001111111111100000000000
0001101111111110000000000
0001111001111111000000000
0000000000111111000000000
0000000000011111100000000
0000000000011111111000000
0000000000001111111110000
0000000000000011111111111