0000000000000000000000000
0000000000000000000000000
0000000000000000000000000
0000000011000000000000000
0000000111100000111110000
0000001111100111111110000
0000011111101111111110000
0000011111101111111110000
0001011111101111111110000
0011011111001111111100000
0011111111111111111100000
0011111111111111111100000
0011111101111011111000000
0011111101110111000000000
0011111101101111011111000
0001111101011111111111100
0000111110111111111111100
0000001101000011111111000
0000001111111111111110000
0000011011111111111100000
0000110001111111000000000
0011100001111111110000000
0011000000111111100000000
0000000000000000000000000
0000000000000000000000000