0000000000000000000000000
0011110000000000011110000
0111111111111111111111000
0111111100000000011111100
0110011000011111111111100
0111000000110011110011100
0111100001110111110111000
0111100001110110000111000
0011000001111101111010000
0011000000111001111001000
0110000000000000000001100
0110000000000000000001100
0110000000000001100001100
0111000000000001000011000
0011000000000000000110000
0011001111100000001111000
0110001111110000000011100
0110011111111100000001110
0110011111111110000001111
0110000111111110000011111
0110000001111110000011111
0110000000111100000011111
0110000000000000000011110
0011000000000000000011000
0001100000000000000110000