0000000000010000000000000
0000000000011000000000000
0000000000011000000010000
0000100000001000000110000
0000110000010100000110000
0000110000010100000100000
0000010000010100001010000
0000101000010100001010000
0000101000010100001010000
0000101000010100001010000
0000101000010100001010000
0000101000010100001010000
0000101001111111001010000
0000101000111110001010000
0011111110011100111111100
0001111100001000011111000
0000111000111110001110000
0000010001101011000100000
0000011011001001101100000
0000001110001000111000000
0000000000001000000000000
0000000000001000000000000
0000000000001000000000000
0000000000111110000000000
0000000111111111110000000