0011111000000000000001111
0111100000000000001111111
1111000000000000111111111
1110000000000001111011111
1110000000000011110101110
1111000000000111111011110
0111100000001111011101110
0011111000011111011111100
0000000000111101100111100
0000011101111101111111000
0000111111110110011110000
0001111111110111111100000
0011111111111001111000000
0111111111111111110000000
0000001111111111100000000
0000011111111111000000000
0000110111111110000000000
0000110011111111000000000
0001100001111111000000000
0001100111011111000000000
0011011110011110000000000
0011111000011100000000000
0111100000011000000000000
0110000000010000000000000
1100000000000000000000000