0000000011000000000000000
0000000111000000000000000
0000000110000000000111100
0000001100000000011111110
0000110000000000111111111
0000110111000001111111111
0011001111110011111111111
0110011111001111111111111
1110011111000111111111110
1100011111100011111111100
0000001111110001111111000
0000000111111001111110000
0000000100111111011100000
0000001111011111101000000
0000011111101111110000000
0000111111110111111011110
0001111111110111111111111
0011111111110111111011111
0111111111111011111101111
0111111111111000111110111
0111111111110000011111010
0111111111100000010111100
0111111111000000011011000
0011111110000000011110000
0001111000000000001100000