0000000000000000000111110
0000000000000000011100011
0000000000000000110000000
0000000000000001100000000
0000000000000001000000000
0000000000000111111111111
0000000011111111111111111
0000111111111111111111111
0111111111111111111111111
0001111111111111111111111
0000000111111111111111111
0010000000000100000000000
0010000010000011111111111
0010000010000011001001001
0111000010000001001001001
1111100111000001111111111
1010101111100000111111111
1111101010100000111111111
0111001111100001100001000
0010000111000001000001000
1111100010000011000001000
0010001111100010000001000
0111000010000110000001000
0101000111000100000001000
1101101101101110000011100