0000000000000000000000000
0000000011000001100000000
0000001111100011111000000
0000111100111110011110000
0011110001001001000111100
0011001100101010011001100
0011001100111110011001100
0001000111011101110001000
0001000011100011100001000
0001000000110110000001000
0001100000111110000011000
0000100000011100000010000
0000100000111110000010000
0000110110110110110110000
0000010011100011100100000
0000010111000001110100000
0000011111100011111100000
0000011101000001011100000
0000010110000000110100000
0000011000000000001100000
0000011110000000111100000
0000011111111111111100000
0000001111111111111000000
0000000111111111110000000
0000000000000000000000000