0000000000000000000000000
0001110110011100111011100
0000000000011000000000000
0000000000001110000000000
0000001100111011000000000
0000001101100001100000000
0000000011000001100000000
0000000110000001100000000
0000001100000001100000000
0000001000000011000000000
0001110000000010000000000
0001111000000110000011000
0000111111111111111111100
0001111000000110000011000
0001110000000010000000000
0000001000000011000000000
0000001100000001100000000
0000000110000001100000000
0000000011000001100000000
0000001101100001100000000
0000001100111011000000000
0000000000001110000000000
0000000000011000000000000
0001110110011100111011100
0000000000000000000000000