0000111111100000000000000
0001111111110000000000000
0001100000110000000000000
0011100000111000000000000
0011000000011000000000000
0011000000011000000000000
1111111111111110000000000
1111111111111110000000000
1001110001110010000000000
0110001110001100000000000
0111111111111100000000000
0111110001111100000000000
0111110001111100000000000
0111111011111100000000000
0111111011111100000000000
0110001110001100000000000
1001110001110010000000000
1111111111111110000001110
1111111111111110000011111
0000000000000000000011011
0000001111111111111110001
0000001111111111111110001
0000000111100000000011011
0000000101100000000011111
0000000000000000000001110