0000000000000000000000000
0111110111111111111111111
0101000000100100000000001
0101111110100000111011111
0100000010101111101000001
0101111010101000001111101
0101001010101011100001001
0101101010001010101111101
0101001011111010100000101
0101101000000010111110101
0101001011111110000010101
0100001010000000101010101
0111111011111111111010101
0100000000000000001010101
0101011111111111101010101
0101000000000000101010101
0101101111111110101010101
0100101000000010101010101
0110111011111010101010101
0100100010001010101010101
0111111010101011101010101
0000001010101000001010101
0111101010101111111010101
0100000010100000000000001
0111111111111111111111111