0100000010000000000000000
0010000100000000000000000
0010000100000000000000000
0011001100000000000000000
0001111000000000000000000
0011111100000000000000000
0111011011000000000000000
1111111111111000000000000
1111111111111111111110000
0111111110111111111111100
0001111101111111011111110
0000011101111110111111110
0000011011111101111111110
0000001011111101111111110
0000001011111101111111110
0000001011111101111111010
0000000111111110111101011
0000000011111111011101011
0000000011110100001111101
0000000001101100001110101
0000000001101110000110100
0000000001100110000110100
0000000001100110000110100
0000000011100110001110100
0000000111001100011101000