1111111100000100001110000
1000000110000110011101100
1000000010000011110011110
1000001110000000000110011
1001111000000000001100001
1111000000000000011010000
0000000000000000110111100
0111111111111100110010100
1111110001111111111000100
1111100011111111111100101
1111000111111111111110011
1111110001111111111111111
1000001111110000000011110
0000001000011000000001100
0000011001001110000001100
0000010001000011000001100
0000110001000001100001100
0001100000000000110001100
0001000000100000011001100
0011000000100000001101100
0010000000000000000111100
0110000000010000000011100
1100000000011000000001100
1100000000001000000001110
1111111111111111111111111