1100001100111001111111111
1111100110101101110111101
0100011001100100111110111
0111000111000100111011111
0001100000000100011111101
1111110010000110011110111
1100000011000011001111111
0111000001110001001101111
0001000001111011001111101
1111000001101010001111111
1000000000000011001111011
1111000000000001000101111
0111000110000001100111111
0100000011110000110111101
1111100011111110010111111
0000110001111110010010111
0000011001111111110011111
1111001100111110100011011
1011100100111111000001111
1111100110011110100000111
1110110011011111110100000
1011101001101110111110100
1110111100111100010101111
1011110110000000111011000
1111111111000000011101101