0011001111000000000000000
0011001001000000000000000
0010111001100000000111100
0010010000110000001100110
0110010000010000011000100
0100110011011000110000100
0100111001101111100000111
0100111100011011111000101
1111111111111001111001101
1100111111111111100001101
0000111111101101110001001
0000111101100011111111010
0001110111100011100111010
0001111111000110111001110
0001111011000111111001100
0011111011000111001000000
0011111110001001111000000
0111111110001111111000000
0111100100001110110000000
1111111100011110110000000
1110111100100111110000000
1111111000111111110000000
0111110000111001100000000
0000111111111111000000000
0000000000111110000000000