0000110101100001101111100
0011101011010011010100110
0110011110111111101111011
0001111011100100110101100
0011001001100000110110110
0000001011000000010110000
0000001010110011011110000
0000001010110011000010000
0000011000110011001110000
0000111100110011000111000
0000100000010001000101000
0000101100000000000101000
0000110100001010000011000
1111111110011011001111111
1000001100001110001100001
1000000110000000001000001
1000000010000000001000001
1000000010001110011000001
1000000011000000010000001
1000000011000000110000001
1000000001110001100000001
1000000000111111000000001
1000000000111111000000001
1001111111110001111111001
1011111111011111011111101