0000000000000000000000000
0000000000000000001110000
0000110000000000011111000
0001111000000000011111000
0011111100000000011111000
0011111100000000011111000
0000110000000000001110000
0111111110000001111111110
1111111111000011111111111
1111111111000011111111111
1111111111000011011111011
1101111011000011011111011
1101111011000011011111011
1111111011000011011111011
0111111111000011011111011
0011111110011011011111011
0111111110111111011011001
0111111110111110011011000
0111111111011010011011000
0001101101111110011011000
0001101100111000011011000
0001101100111000011011000
0001101100101000011011000
0001101100101000011011000
0001101100101000011011000