1110011111111111111111111
1110011111111111111111111
1110011111111111111111111
1110011111111111111111111
1110010000000011111111111
1110000011110000111111111
1110011111111110011111111
1100000111011001001111111
1001100001001001100111111
1001111000000001100111111
0011111110000001110011111
0011111100000001110011111
0011111111111000000000000
0011111111111000000000000
0011111111100001110011111
0011111110000001110011111
1001111000011001100111111
1001100001111001100111111
1100000111111001001111111
1110011111111110011111111
1110000011110000111111111
1110010000000011111111111
1110011111111111111111111
1110011111111111111111111
1110011111111111111111111