0001100000000000000000000
0010010000000000000000000
0010010000000000000000000
1111010000000000111110000
1001010000000001111111000
1001010000000011111101000
1111011000000011111011100
0000000000000111101110110
0000000000000111101111111
0000000000000111110111111
0000000000001111110111001
0000000111111111110111110
0000011111111111110010000
0000111111111011110010000
0001111111111011111010000
0001111111111101111100000
0011011111111101111100000
0010011111111111011000000
0010011110111111110000000
0010111101100111110000000
0110111011000111010000000
1100110111000011010000000
1100110011000011010000000
1000111011100011101000000
0000011101110001110100000