1111111110000011111100111
1000000000110110011110001
1000000000111101101111001
1000000000100000100111101
1000000000100000000011101
1000000000100000000011101
1000110100111000100001111
0000011100001100100001111
0000000000000110000011111
0101110000000110100111111
0111000000000110100111101
0000000000001100001111101
1000000111111000001111001
1000000011000000001100001
1001110001101110111000001
1001011000111010100000001
1001101100000010100000001
1000110110000010100000001
1000110011000010100000001
1000100111000011110000001
1000110101100111011000001
1000011101111110001100001
1000001100000000000100001
1000000100000000000100001
1111101111111110111111111