0000000000000000000000000
0000000000000000000000000
0000001111111111000000000
0000011010101011100000000
0000111000000000110000000
0000110011111110011000000
0000110111111111101000000
0000100011111110011000000
0000100000000001111000000
0000110000000010001110000
0000101101010001100011000
0000101010111010111001000
0000101011111001010101000
0000111001110010110101000
0000100100100001010101000
0000110000000010111001000
0000110101010001010011000
0000101101010010101110000
0000100100100001011000000
0000100000100000110000000
0000110000000001111000000
0000011100000111111100000
0000001111111111111110000
0000000011111111111100000
0000000000000000000000000