0000000000111110000000000
0000000011000001100000000
0000001111000001111000000
0000011110111110111110000
0000111110110110111111000
0001111111000001111111000
0011111001100011000111100
0011110001111111000111100
0011110001111111000111100
0001100001111111000011000
0001110001100011000111000
0111111101011001011111110
0001110111010001110111000
0000000011000001100000000
0000001111100011111000000
0000011111111111111100000
0000111111100011111110000
0000111111011101111110000
0001111110101010111111000
0001111110110110111111000
0001111010111110101111000
0011111010101010101111000
0011110010110110101111100
0011110001111111000111100
0011110000101010000111100