0000000000000000000000111
0000000000000000000011100
1100000000000000001110000
0111100000000000111000000
0000111100000011100000000
0000000111001110000000000
0000000001111000000000000
0000000011111100000000000
0011111111111111111111100
0011111111111111111111100
0011000000000000011000100
0011000001111000001000100
0011000011111100001000100
0011000110110110001111100
0011000111111110001101100
0011000110000110001111100
0011000011001100001101100
0011000001111000001111100
0011000111111110001101100
0011001111111111001111100
0011101111111111011111100
0011111111111111111111100
0011111111111111111111100
0000110000000000001100000
0000110000000000001100000