0000000000000011111110000
0000000000001111111111000
0000000000011111111111110
0000000000111111111110110
0000000000111111111110110
0000000001111111111101100
0000000001111111111001100
0000000111111111111001100
0000111111111111110011000
0011111111111111110011000
0011111111111111110011000
0011111111111111110110000
0011111111111111110110000
0001111111111111110110000
0001111111110000111100000
0001111111100000001100000
0001111111000000001100000
0001111111000000011000000
0000111111000000011000000
0000111110000000011000000
0000111110000000110000000
0000111100000000110000000
0001111100000000110000000
0001111000000001100000000
0001110000000001100000000