0000111001100011001110000
0001111000111110001111000
0001111000010100001111000
0001111000010100001111000
0000110000010100000110000
0011111000111110001111100
0111111101100011011111110
0111111110000000111111110
1111111110000001111111111
1111111111000001111111111
1101111111000011101111011
1111111011100111001111011
0111111101111110001111111
0011111100011000011111110
0001111110000000111111110
0011111110000000111111100
0011101111000001111011100
0011100111000001110011100
0011100111000001100001110
0011000011000001100001110
0011000011000001100000110
0111000011000001100000110
0110000011000001100000111
0110000011000001100000011
0111100011110111100001111