0000000100010100010000000
0000000000111110000000000
0000000000011100000000000
0001111110001000111111000
0111111111000001111111110
0111011111100011111101110
1111111011110111101111111
1101111111111111111111011
1111111100011100011111111
1111111000001000001111111
1101111000000000001111011
1111111000001000001111111
0111011100000000011101110
0111111111000001111111110
0011110001100011000111100
0011110001110111000111100
0000111000111110001110000
0000011100110110011100000
0000001110110110111000000
0000000111010101110000000
0000000011111111100000000
0000000001110111000000000
0000000000111110000000000
0000000000011100000000000
0000000000001000000000000