0000000000000000000000000
0000000000000000000000000
0000000000000000000000000
0000011111111111111100000
0001111111110111111111000
0011111111100011111111100
0111111111100011111111110
0111111111110111111111110
0111111111010101111111110
0111111111000001111111110
0111111111110111111111110
0111111111100011111111110
0111110110011100110111110
0111101001101011001011110
0111100110110110110011110
0111100111010101110011110
0111000011010101100001110
0110000111010101110000110
0101101111100011111011010
0111010111110111110101110
0111100000000000000011110
0111110101010101010111110
0111111000000000001111110
0000000000000000000000000
0000000000000000000000000