0000000000000000000000000
0000000000001110000000000
0000000000001110000000000
0000000000001110000000000
0000000000000111000000000
0000000000000111100000000
1000000000000111110000000
1100000000000111111000000
1111100000000111111100000
1111110000011111111100000
1111111000000011110100000
1111111100000001111110000
1111111110000011111010000
1111111111000111111010000
1111111111100111111000000
1111111111110110011000000
1111111111110110011000000
1111111111111110011000000
1111111111111110001100000
1111111111111111001100000
1111111111111111101100000
1111111111111111111100000
1111111111111111111110000
1111111111111111111111000
1111111111111111111111111