0000000000000111111111111
0001110000000111111111111
0011111000000111111111111
0111111111100111111111111
0111111111110111111111111
0111111111111111111111111
0111111111111111111100011
0111101101111111111100001
0111100100111110011000001
0011100100110100001000001
0011111111110100000000001
0011001100110100010010001
0001100001100100110110001
0001111111100100110110011
0000111111000110000000011
0000111111000110110011011
0000011111000111011110111
0000011110000111100000111
0000001110000111110001111
0000001110000111110001111
0000000110000111111011111
0000000010000111111111111
0000000000000111111111111
0000000000000111111111111
0000000000000111111111111