0001111100000000000000000
0000111110000000000000000
0000011111000000000000000
0000001111100000000000000
0000000111110000000111110
0000000011111000001100011
0000000001111100001000001
0000000000111110001000001
0000000000011111001100011
1111111111111111111111110
0111111111111101110000000
0011111111111111100000000
0001111111111111100000000
0000000000000000110000000
0000000000000001111000000
1111111100000011001100000
0111111000000010000110000
0011110000000011000010000
0011111111000001000010000
0011110001111101100110000
0011110000000100111100000
0011110001111100000000000
0111111001000000000000000
1111111101101111111111111
0000000000111000000000000