0000000000000000000000000
0000001111100000011100000
0001111111110001111111000
0011111111111001111111100
0111111111111000111111110
1111111111110000111111111
1111111111110000011111111
1111111111110000011111111
1111111111111000011111111
1111111111111100011111111
1111111111111100001111111
0111111111111110001111111
0111111111111110001111110
0011111111111100011111110
0011111111111000111111100
0001111111111001111111100
0000111111111001111111000
0000011111111001111110000
0000001111111011111100000
0000000111111111111000000
0000000011111111110000000
0000000001111111100000000
0000000000111111000000000
0000000000011110000000000
0000000000001100000000000