0000001111111000000000111
0000111111111111111111111
0011111111111111111111110
0111101111110111111101110
0111110111110111111011110
1111110111111011110111100
1111111011111101101111100
1110111101111101011111100
1110111101111110111111100
1111011110111101001111100
1111101111001011110111100
0111101111110111111001110
0111110111101011111111110
0011111001011011111111110
0001111110111101111111110
0000011101011110011111111
0000000111011111101111111
0000001111101111110011111
0000011011110111111101110
0000110011110111111111110
0001100001111011111111100
0011000001111100111111100
0111000000111111011111000
1110000000011111111110000
1110000000000111111000000