0000000000000000000000000
0000000000000000000000000
0000000000000000000000000
0001111111111111111111100
0011000000000000000000110
0010111111111111111111010
0010100001011101010001010
0010101111101011011011010
0010100011110111011011010
0010101111101011011011010
0010100001011101011011010
0010111111111111111111010
0010111111111111111111010
0010111111110000011111010
0010111111111000011111010
0010111111110000011111010
0010111111100000011111010
0010111111000001011111010
0010111111100011111111010
0010111111110111111111010
0010111111111111111111010
0011000000000000000000110
0001111111111111111111100
0000000000000000000000000
0000000000000000000000000