0101111000000000000000000
0101111111000000000000000
1101111111110000000000000
1101111111111000011110000
1101111111111110010010000
1110111111111111011010000
1111011000000000111110000
1111001111111111010000000
1111101111111110101000000
0111100111111101101100000
0111110011111011101110000
0111111001110111101110000
0011111100111111101111000
0011111110011111101111000
0001111111001111101111100
0001111111100111101111100
0000111111110001101111110
0000011111111100111111110
0000101111111110001111111
0001110111111111100011111
0011111011111111111000000
0011111100111111111111111
0011111111000111111111110
0011111111000000111111000
0011111111000000000000000