0001100000000000000001110
0011110000000000000011111
0011110000000000000010101
0011110000000000000011111
0011110000000000000001110
0011110000000000000000000
0001100000000000000001010
0001101111111100000001010
0001001111111110000011111
0110111111111111000011111
1110111111111111000011111
1110111111111111110001110
0110111111111111011000100
0001001111111110001000100
0001101111111100001000100
0001100000011110001000110
0011110000001110001000010
0011110000000111001000010
0011110000000111001000011
0011110000000110001000001
0011110000001110001000001
0001100000011100001000001
0000000011111111001100011
0000011111111111100110110
0000111111111111100011100