0000000000000000100000000
0000000000000011111000000
0000011100000001110000000
0000001000000001110000000
0000011101111111100000000
0000011111000000000000000
0000001000000000000000000
0011111111100000000000000
0011111111100000000000000
0001111111000000000000000
0000111110000000100100100
0000111110000000100100100
0000011100000000100100100
0001111111000000010010010
0111111111110000010010010
1111111111111000100100100
0111111111110000000000000
0111111111110000111111100
0111111111110000111111111
0100000000010000111111101
0101111111010000011111110
0101110111010000011111000
0101111111010000001110000
0100000000010001111111110
1111111111111000111111100