0111100001110000111100000
0011110001110001111000011
0000110000100001110000111
1000011000000011000011111
1100000011111000000111100
1110001111111110001110000
0011011111111111011000000
0000011111111111000000011
1100111111111111100011111
1110110001110001101111111
0000110101110101100000000
0000111111111111100000000
1110111011111011101111111
1000011100000111000011111
0000011110001111000000011
1100001111111110011000000
1100000011111000001111000
1100001000000011000111111
0000011000100011100001111
0000110001110001110000011
0001110001110000111000000
0011100001110000111110000
0111100011111000011111000
1111000011111000011111100
1110000011111000001111110