0000011111111111111101111
0000010000000000000011101
0000010011110011110111011
0000010111110011101110111
0000010111110011011101110
0000010111110010111011100
0000010111110101110111000
0000010111111011101110000
0000010111110111011100000
0000010111101110111010000
0000010111011101110010000
0000010110111011101010000
0000010001110111000010000
0000010011101110000010000
0010010111011101111010000
0011001110111011111010000
0001111101110111111010000
0000111011101011111010000
0000111111010011111010000
0001101110110011111010000
0011111110110011111010000
0110110011010011110110000
1111101101100011101100000
1011000110000000011000000
1110000011111111110000000