0010000011111000000010000
0110000110001110000011000
0101001100000011000011100
1101011001100001000110100
1001110010110001101100100
1001100011110000111000100
1100100001100000110001100
0100111111111111100001000
0110100000000001000011000
0011100000000001000110000
0000111111111111111100000
0001101111011110011100000
0001100101010100011110000
0011100101000100111111000
0111100001000000111111100
0101110001000000111111000
0011110001100000111101100
0111110110011100111110110
0110011111111111111111000
1100111100001111111101110
0001111111111111110111000
0011001111111111100001100
0110001111111110000000110
1100000111111000000000011
1000000011100000000000001