0000000000000000000000000
0000000000000000000000000
0000000001111111000000000
0000000111111111110000000
0000011111111111111100000
0001111111100111111110000
0011011111111111111011000
0010001111111111110001000
0101100011111111100111000
0111111000111111001101000
0110111110001100011001000
0110011111100000111011000
0111011111110001101111000
0111111110111011001111000
0111110110011011011101000
0111110011011011111001000
0110111011111011111011000
0110011111111011101110011
0011011111111011001110001
0011111110111011011100011
0001111110011011111000111
1100011111011001110001111
1110001111110011100111110
1111100001111110011111000
0000000000000000000000000