1111111000111111111111111
1111110000011111101111111
1111101101101111000000011
1111101101101111101111001
1111100010001111101111100
1111110000011111101111110
1111110111011111101111111
1011111000111111101111111
1001111101111111101111111
1001110000011111100111111
1011100000000000000111111
1011010000011111101111111
1010110000011111101111111
1001111000111111101111111
1011111101111111101111111
1111111101111111101111111
1111111000111111101111111
1111110000011111101111111
1111101111101111101111111
1111011111110111101111111
1110111111110111101111111
1110111111110111101111111
1110111111110111101111111
1100111111110011101111111
0000111111110000101111111