0000000000000000000000000
0000000000000000000000000
0000000000001000000000000
0000000000001000010000000
0000000000011100111000000
0000000000110111101000000
0000000001101011001000000
0000000011001001111000000
0000000110011100110000000
0000001100001000011000000
0000011111111111111100000
0000001000000000001000000
0000011001110111001100000
0000010000100010000100000
0000011000001000001100000
0000001100001000011000000
0000000100001000010000000
0000000100000000010000000
0000000110011100110000000
0000000011000001100000000
0000000001100011000000000
0000000000111110000000000
0000111111100011111110000
0001100000000000000011000
0000000000000000000000000