0000111000000000000000000
0001111100000000000000000
0001011110000000000000110
0011111110000000000001110
0001111110000000000011111
0000111110000000000111111
0000111110000000001111010
0001111111000000011110110
0001111111100000111101100
0011111111111001111011000
0111110001111111110110000
1111001110000111101100000
1111011111111001111000000
1110111111111110111000000
0111011111111111011001111
0011101111111111101111001
0011110111111111110001111
0001111011111111111111010
0000111100111111111001110
0000011111000000001111000
0000000111111111111000000
0000000011111110000000000
0000000011110000000000000
0000000001100000000000000
0000000111110000000000000