0000011111111100000001111
0000111011011110000111110
0001111100111111000110000
0011111011011111001100000
0011111111111111110000000
0011000001100011110000000
0011011101011101101100000
0011000011000001100110000
0011011110011101100111110
0011011110110101100001111
1111011110000001111000000
1101011110000001011000000
1111010100001001111000000
0010010110011000100000000
1111110011110001111000000
1111100000000001111000000
1111000111110001111000000
0111100111111011110000000
0011101111111111100000000
0001111110011111000000000
0001111111111111000000000
0000111111111110000000000
0000011111111100000000000
0000001111111000000000000
0000000111110000000000000