0000000000000000000000000
0000000000000000000000000
0000000000000000000000000
0011111110000001111111100
0011111100111110111111100
0011110011111111011111100
0011110111111111001111100
0011100111111111000111100
0011101111111100000011100
0011101111110000011000100
0011101111100000011000000
0011100111100000000000000
0000000111110011000000000
0000000011111111000000100
0000000001111110000111100
0000000000111100011111100
0000000000000000011111100
0000000000000000111111100
0000000000000001111111100
0000000000000011111111100
0000000000001111111111100
0000000000001111111111100
0000000000001111111111100
0000000000000000000000000
0000000000000000000000000