0111000000000000000111111
0111111000000000011111110
0111111100000000111111100
0011111100000000111111000
0011111110000111111110000
0000111110011111111100000
0000001111111111001100000
0000000111100110001100000
0000001111000010000100000
0000111110000000000100000
0011111100000111010110000
0111111000000011110010000
1111110001000010110010000
1111100011100011110011000
1111010010000001100001100
1110110010000000000111010
1101110011000000001101111
1011111000100000011001101
0111111101111111010001101
1111111111000001110000001
1111111100000000011011101
1111111000000000001100011
1111110000000000000111110
1111100000000000000000000
1111000000000000000000000