0000000000000000000000000
0000001111000000000000000
0000011111100000000000000
0000010011100000000000000
0011111011100000000000000
0111111111110000000000000
0000001111111000000000000
0000011111111100000000000
0000110111111110000000000
0000000111011111000000000
0000000110111111100000000
0000000110111111110000000
0000000110111111110000000
0000000110011111110000000
0000000011001111110000000
0000000001000001111000000
0000000000111111111100000
0000000000010001111111110
0000000000010001011111111
0000000000010001001111111
0000000000110011000111110
0000000001100110000111100
1111000111111111100011000
1111111111111111000000000
1111111111000000000000000