0011111111111111111111100
0001100000000000000011000
0001000000000000000001000
0011000000000000000001100
0010000000000000000000100
0111111111111111111111110
0100000011000000000000010
1100110011000000000000011
1100110000000000000000001
1000001100000000000000001
1000001100000000000100001
1100000000000000000110011
1110001011110000000111011
1110000110111110001110011
0111000111111111111100110
0111000111111111111000110
0011100011111111100001100
0011110000110000000001100
0001111100000000000011000
0000111111111111111110000
1111111111111111111111111
1111111111111111111111111
1100000000000000000000011
1100000000000000000000011
1100000000000000000000011