0000000000000000000000000
0000000111111000001111000
0000001000100000011111100
0000001001000000111111110
0000001001000000010011110
0000001001000000100001110
0000001001000000010000100
0000001001011000001110110
1111111111011110000011001
1010101010011001100010000
0101010101101111011100001
1111111111111110000000111
1111111111100011100011100
0011000000100000011100000
1001111110100000000000111
1100111111111111111111000
1110011000000000000000000
0111001110000000000000000
1011001111111111111111111
1011111111111111111111111
1011010000000000000000000
0111001111111111111111111
1110000000000000000000000
1100000000000000000000000
1000000000000000000000000