0111111110000000000000000
1111111111000000000000000
1100111011000000000000000
1000000001000111110111110
1011001101001110010110011
1000000001010111010111010
1000110001010111010111010
1011111101001011010111011
1011111101000111010111010
0100000010001111111111111
0110000110000000001100010
1111111111110000000100100
0010000100111000000101000
0001111000111100001001000
0000000000110110001001000
1000000001110011110001000
1111111111111000010001000
1110001111111000010001000
1110110111111100010001000
1110001111111100001111000
1110110111111111000010000
1110001111111100111100000
1111111111111000000000000
1111111111100100011011011
0000000000011100111111111