0001110000110110000001011
0001110000001000000000011
0110001100000000111000100
0001111000000010111010001
0001111011100011100110000
0000011100010000111100110
0000110111010000111111110
0000100111111000001101111
0000100111101000011110111
0000100101001000110110111
0101101101111000100111011
1110011000100101101111011
1011110111101110011111011
0110001111001011110111100
0100001111000110001111100
0100011111000010001111000
0100011111100001011111000
0100111011100001011111000
0100111011100001011011100
0100111011110000111011100
0100111001110000111011110
0100111001111000111001110
0100111000111100111100111
0100111000001100110100011
0101110101011001110010110