0000000000000000000000000
0000000000001000000000000
0000000000011100000000000
0000010001110111000100000
0000001111101011111000000
0000000111111111110000000
0000000000110110000000000
0000000001110111000000000
0001000111101011110001000
0001111111011101111111000
0000111100111110011110000
0000010000000000000100000
0000011111111111111100000
0000001101011001011000000
0000001101011001011000000
0000001101011001011000000
0000001101011001011000000
0000001101011001011000000
0000001101111111011000000
0000001111110001111000000
0000011111111110001100000
0000111111100001111110000
0001111100011111111111000
0001000111111111111111000
0000000000000000000000000