0000000000000000000000000
0000000000000000000000000
0000000000000000000000000
0000000001111111100000000
0000000111000000011000000
0000011000111101100110000
0000110101111101111011000
0001101110111101110001000
0001011110011001100100100
0011100111011011001110110
0010111001101010011110010
0101111100110101110000110
0101100011011110000111110
0110011111111111111110000
0101111100111111000000000
0101111011111100000000000
0101100110110110000000000
0010011101100011000000000
0010111011000011100000000
0001010111000001110000000
0001101110000001110000000
0000111100000000110000000
0000000000000000000000000
0000000000000000000000000
0000000000000000000000000