0000000000000000000010000
0000000000000000000111000
0000000000000000001111100
0000000000000000001101100
0000000000000000011010100
0000000000000000110110100
0000000000000001111010100
0000000000000011111100100
0000000000000111001111100
0000000000000111011111110
0000000000101111111000010
0000000001110011111011010
0000000000111100111101010
0000000000011111001110010
0000000001101111110111110
0000000011110011111011100
0000000111111100111111000
0000001111111111001100000
0000011000011111111000000
0000111011011111111000000
0001111010111001111000000
0001111001111011111000000
0011111111111111110000000
0011111110000111100000000
0001111000000000000000000