0000000000000000000000000
0000000000000000000000000
0000000000000011111110000
0000000010000111000111000
0000000001000110000011000
0000000011001100011001100
0000001111001100111101100
0000011111101100111101100
0000110111100110111111100
0000111111100111110111100
0001011111111011110011000
0001100111111101111000000
0001111111111101111000000
0000011111111111011000000
0000000111111111011100000
0000011001111111001100000
0000111111111111001100000
0000111111111111001100000
0000111111111110011000000
0000011111111111111000000
0000001111111111110000000
0000000111111111000000000
0000011111111100000000000
0000000000000000000000000
0000000000000000000000000