0111111100000000000000000
1000100111111111000000000
1001000000000111110000000
1011000000111011111100000
1000000000101101111111000
1000000000111100111111100
1000000000111100111111111
0100000000000000011111111
0100000000000000010111111
0101111111000000001101111
0111000001100000000011111
0010101010011000000011111
0011111111101110000010111
0001111111111011000001111
0000110111111101100001111
0000001011111111100000101
0000000111111111100000101
0000000010111111000000101
0000000011100110000000101
0000000110011000000001101
0000001101110000000011010
0000001010000000000110110
0000000100000000000001101
0000000111111000000000110
0000000000000111110000101