0000000000001111110000000
0000000000011111111000100
0000000000111000001100111
0000011100110110111100101
1111110100010100101101101
0000011110010010001001100
0000001111011001001000000
0000001111101101011000000
0000000111111010101111000
0000000011111011101111110
1111111100111010101111111
1000000100011000001111111
1100000110011100011101111
0100010011011100011100111
0110010001011111111100111
0011111111011100011101101
0000010000011100011100111
0000010000011001001100000
0000010000011001001100000
0000010000011001001100000
0000010000001001001000000
0000010000001001001000000
0000010000011111111100000
0000010001111111111111000
0000010001000000000001000