0000000000000000000000000
0000000000000000000000000
0010111111111111111111100
0010000001000001000000100
0011111101011101011110100
0010000101010100010010100
0010111101010111110110100
0010000001010100000000100
0010111111010101111110100
0010000000010100000010100
0010110111110111111110100
0010010101010000000000100
0010110101010111111111100
0010100101000100000000100
0010101101011101111110100
0010101001010000000010100
0010101011010111011110100
0010101000010101010000100
0010101111110101011110100
0010100000000101000010100
0010111111111101111110100
0010000000000000000010100
0011111111111111111110100
0000000000000000000000000
0000000000000000000000000