0000000000001101110100000
1101100000000011000101111
0111000000000000000111111
0000001111001111000110000
0001111111001001111100111
0111111110001100000111101
0111110011000100000000001
0011001111110100010010001
0001111100100110101100101
0001110001010110010010001
0001111000100010010010011
0000111010100010101101010
0000010001000110010010010
0001110110000110000000010
0011010011101100000000110
0110011110111100000011100
0111111111000111111110000
0010011001001100110000110
0001000001111000111111110
1111111111111111100001100
1100000000000000001111100
0111111111111111110011001
0010100000000000000110010
1101111111111111111101101
1110010111010011110011110