0000000000000000000000000
0000001111100000000000000
0000011111111000000000000
0000111111111000000000000
0000001111111100000000000
0000001111111100000000000
0000011011111100000011000
0001111111111110001110000
0000111111111110110111000
0000001111111111101111000
0000000111111111001111000
0000000111111111001111000
0000011111111111100110000
0000111111111111100000000
0001000111111111100000000
0000000111111111000000000
0000001111111111100000000
0000001111111111100000000
0000001111111111100000000
0000001111111111000000000
0000000111111111000000000
0000000001111110000000000
0000000011011000000000000
0000000010001000000000000
0000000000000000000000000