0000000001000000000000000
0000000011000000000000000
0000000110100000111000000
0000000101010001000100000
0000001101010001100100000
0000011011101001100100000
0000010110101000001000000
0000010111101000001000000
0000010111110100010011110
0000001011110100111100001
0011110111110101110001101
0111111011111011100001101
0111011101110111011100110
1110001110101110100110000
1100100111011101111011100
1110001110111011111100110
1111011101110101110111001
0111111101101110111100111
0111111100011111011011100
0111100011110111100110000
0011000001100011011000000
0010000001001001000000000
0000000001100011000000000
0000000011110110000000000
0000000111111100000000000