1010101000001110000010101
1010101000011111000010101
0000001000111011100000000
0100100001110001100001010
0100100001100001100001010
0000000001100001010000000
0101000001110000110000101
0100000000111000110000100
0000000000011100110000101
0000000000001110101000000
0001100000000110011000000
0110100000111110011000000
1000100001111100011000000
1001111001100000011100000
1111111110010000001100000
1111111110011100001100000
1110000111111110001100000
1001111011111101001110000
1011111101111101100110111
0111001110110011100111111
0110110110000111100011101
0110110110111111100111010
0111001110111111001110100
0011111111111110001001000
0001111000000000001110000