1100000111111111111011111
0110011111111010000000110
0110111111000010000000100
0011111100110010000000100
0011111111100010000001100
0011111000000110000001000
0111110000000100000001000
0111100000000100111101000
0111100000000100111101000
0111000000000100111101000
0111000000000100111001000
0111100000000101111101000
1111100000001101111101000
1111100000001111111101000
0111100000001101111111000
0111100000011111111010000
0111100000011111110010000
0111100000010111111110000
0111110000010011111100000
0111110000110010000000000
0111110001110110000000000
0011111000001110000000000
1111111000000000000000111
1111111101111100001111111
1111111111111111111111111