0000000000000000110000000
0000000000000001011000000
0000000000000111111110000
0000000000001101111011100
0000000000011000110000011
0000000000100000000011000
0001110001000101000001110
0011111001101110001000111
0010111000111100001100111
0011111111111100011110111
1101110001111111110111111
1000000000011111101101111
0001001000001111111111110
0011001100110111111111110
0110001110011011111111110
0110001110001111111111100
0110000110000110000000000
1110000110111110000110000
1011001111111110001111000
1111111101111110001011000
1111111111111100111111110
1111111111111101100110011
1111111111111011000000001
1111111111110110001011110
0000000000000101011111111