0000000000000000000000000
0000000000000000000000000
0000000000000000010000000
0000000000000000111000000
0000000000000001101000000
0000000000001111100000000
0000000000111011100110000
0000011001101100111110000
0000111111111100111010000
0000100111100111110010000
0000100011100110010000000
0000000011111100110000000
0000000110111101100000000
0000011111101111010000000
0000011000111110010000000
0000110000001100110000000
0000100000011111100000000
0000100000111111000000000
0000000001101110000000000
0000000000001110000000000
0000000000001110000000000
0000000000001010000000000
0000000000011011000000000
0000000000000000000000000
0000000000000000000000000