0000000001111110000000000
0000000011111111000000000
0000000111111011100000000
0000001111111111100000000
0000011110111111100000000
0000011110111111000000000
0000111101111000000000000
0000111001111000000000000
0000111011111000000000000
0001000111111000110000000
0011111111111001010000000
0011111111111010010000000
0111111111111010100111000
0111111011111100111001000
0111111101111101100010000
0111111101111000001111110
0111111101110000001000011
1011111110010010010000001
1101111111110000010000001
1110011111110000000001001
0000000000001111010001001
0000000000000010010001001
0000000000000100110010011
0000000000000111100111110
0000000000000000111100000