0000000000000000000110000
0000000000000000011110011
0000000000000001111001111
0000000000000111100111110
0000000000001110011100100
0000000000011001110011110
0000000000110111001110110
0000000001101100011001100
0001110001011001110111000
0011011011111011001101100
0111111011110010011011100
0001111010110000100101000
0001110001100000001011000
0011101111100000000010000
0011011111100000000110000
0000111111100000001000000
0011111111110000011000000
0011111111111000100000000
0001111111111101100000000
0000111111111111000000000
0000001111111011111000000
0000000011111111111111100
0000000000110111110011000
0000000001100001001110000
0000000000000000111000000