0000011111111110000000000
0000111100011111000000000
0001110001111111100110000
0001100111111111101010000
0011100111110111101011110
0011101111100011101000010
0011101100000001101000010
0011111011001101110011110
0011110000000001100110000
0011110001111001001100000
0011111000110011011000000
0011111100001110110000000
0011110111111001100000000
0011101110001111011000000
0011011111011110101111000
0000110011011101000001100
0000100011111101000100100
0000100111111101000000100
0011100111111111100000100
0011100111111111100011100
0011100111111111000110000
0011110011100000000100000
0011111000110000000100000
0011111100010000000100000
0011111111110011100100000