1111111011101111001111111
1111110110011000110111111
1111100100110111000011111
1111011000000000001001111
1110110000000000110101111
1110100000000000010110111
1110100000000000011010111
1110101110001110011010111
1101110000000001001001011
1101100110001100001100101
1001101011010010000110100
1010110111010111000101010
0010110111010111000001010
0101100010000000000001010
1101100100000000000001001
1010101100000000000001011
1110101111001000100111011
1101101000000100100110111
1111101111111100101111111
1111100110101100101100111
1111110101011001011000001
1100011101010000110000000
0000001101010001100000000
0000000110110111000000000
0000000011111100000000000