0000000000110000000000000
0000000001111000000010000
0000000011111100000111100
0000000111101110001111110
0000000111100111111101111
0000000011000111111001111
0000000000000111111101111
0000000000001111111100111
0000000000001111111110000
0000000000001100100110000
0000000000011101101110000
0000000000111111111111000
0000000000111111011111000
0000000000111110001111000
0000000000011111111110000
0000000000100011111000000
0011000001111100000100000
0111000011111111111100000
1110000111111111111100000
1110000111111111111000000
1110001111110110111000000
0111001111100110110000000
0011101111101110111000000
0001111111011110111100000
0000000111011110111100000