0000000011100000000000000
0000000111110000000000000
0000001111111000000000000
0000000101001111110000000
0000000100010101011000000
0000001011110101001000000
0000111000010111001000000
0001001000011001001000000
0010100100111010011000000
0100001111100100110000000
1110011110001001100000000
1111111111001111000011100
1100011111101100000011110
0000001111111111111010110
0000000111101100011110110
0000000111111101011100011
0000001111100001011110000
0000011111100000011111011
0011111111111111111111111
1111111111111111111110000
1100001111000000111111011
0000111110000000000001111
0011111100000000000000000
0011000000000111111100000
0000111111111110000000000