0000000001101100000000000
0110000001111001111000000
1111000000111011111111110
1101100000110011101110110
1111110001110011111101100
0111111111100011111011000
0011111111000011111110000
0001111110000001111100000
0011111111110001101010000
0000000111000011111110000
0000000011111111011011000
0000000001111111000011000
0000000000111111000001100
0000000000011111000001100
0000000000001111000001110
0000000000001000000001110
0000000000001000000000111
0000000000001000000000101
0000000000001100000001100
0000000000000100000001000
0000000000000110000001000
0000000000000010000011000
0000000000000111000111000
0000000000001111111111100
0000000000000111100111000