1111111111111100000000000
1111111100001111100000000
1111110000000001111100000
1111000111111110001111000
1100000111111111000011110
1011000000111011000000111
1001110000011111000001111
1000011100001111000011111
1000001110000111000111111
1000000011100011001110111
1000111000110011011100111
1000111110011100110001111
1000110111000111100111111
1000110011100001101100011
1000110000110001101001011
1100111000110001100011011
0110011100000001100110011
0011101111100001100100110
0000110011100001100001100
0000011000000001100011000
0000001110000001100110000
0000000011100001101100000
0000000000111001111000000
0000000000011111110000000
0000000000000111100000000