0000000000000000000000000
1111011111111111111111101
1111011111111111111111101
1101011111111111111111001
1101001111111111111110010
0101100111111001111100110
0110110011110000111001101
0011010001110001110011011
1001000001100001100000110
0000000001000001000000001
1100000000000001000000111
1000000000000011000000011
1110000000000110000001111
1111100000000100000011111
1111111110001000001111111
1111111110011111111111111
1111111100011111111111111
1111111000111111111111111
1111110000111111111111111
1111110000111111111111111
1111100000111111111111111
1111100000111111111111111
1111101010111111111111111
1111101010111111111111111
1111101010111111111111111