0000000000000000000000000
0000000000000000000000000
0000000000000000000000000
0000001100000000011000000
0000011110000000111100000
0000011111000001111110000
0000111011100001101110000
0000110001111111000111000
0000110111111111110111000
0000111111111111111111100
0001111111111111111111100
0011111111111111111111100
0011111111111111111111100
0011000011111100000111110
0111100001111000001111110
0111110001110000011111110
0111111111111111111111110
0111111111111111111111110
0111111111111111111111110
0111111111111111111111110
0111111110011111111111100
0011111100000111111111000
0001111000000001111100000
0000000000000000000000000
0000000000000000000000000