0000000000000000000000000
0000000000000000000000000
0000000000000000000000000
0011100011111111110001110
0011001001111111100100110
0010011101111111101110010
0000111001111111100111000
0001111011111111110111100
0000100001111111100001000
0010001100111111001100010
0011111110011110011111110
0011111111001100111111110
0011111111101001111111110
0011111111110011111111110
0011110111100101111011110
0011100011001100110001110
0011010000011110000010110
0010000000111111000000010
0011000001111111100000110
0011100011111111110001110
0011000111111111111000110
0011101111111111111101110
0000000000000000000000000
0000000000000000000000000
0000000000000000000000000