1111111111000000111111111
1111111110000000111111111
1110001110000000011111111
1000000100111100001111111
0000000001111110001111111
0000111101111110001111111
0001111111111110001111111
0001111111000110011111111
0001111110000010011111111
0000111100000100111111111
1000111000011001110000111
1100001000110011000000001
1111001001110010011100000
1111101001000100111110000
1111111001001101111111000
1111111001101111111111000
1111111000111111111111000
1111111100111111111110000
1111111100011111111100001
1111111110001111110000011
1111111111000111000001111
1111111111100100000111111
1111111111110000111111111
1111111111110011111111111
1111111111110111111111111