0000000000000000000000000
0000000000000000000000000
0001111100000000011111000
0011110110000000111111100
0111111011000001111111110
0101111111111111111111010
0100111111111111111110010
0110011111111111110100110
0110110001111111000010110
0011101110111100111001100
0001011001010001001101000
0001011001000001001101000
0010010111001001110100100
0010001110011100111000100
0011000000000000000001100
0011010001101011000111100
0011100000111110000011100
0001101000000000001011000
0001111000000000001111000
0001110010100010100111000
0001100111010101110011000
0001101111010101111011000
0000100110110110110010000
0000000000000000000000000
0000000000000000000000000