1000000110111100000000001
1100000011111000100000001
1110000011110000010000001
1011000011010001111000011
1111100001110011101111111
1111111001110110111111110
1011111100110111111110111
1111011110100000011111111
1111111110001110000111110
1101111100010001110011011
1111111000010001001011111
0111011000010111101001111
1111110000010111101001111
1101110000001001001000101
1111110000000111110000111
1111110001000011100000111
1110110001100001000100111
1111110000111111111101111
1111111000011001011000111
1100000100001111110010011
0000001110000000000100001
0000111111100000001100001
1001111111110100111110001
1111111110000100001110011
1111111100000100000111111