0000000000000000000000000
0000000000000000000000000
0000000000000000000000000
0000000000000100000000000
0000000000011111000000000
0000000000011111000000000
0000010000000100000000000
0000111000111111100000000
0001111000111111100000000
0001110000111111100000000
0001110000000100000000000
0001110000111111100000000
0001110000111111100000000
0000010000111111100000000
0011111000000100000011100
0001111111111111111111000
0000110101010101010110000
0000011111111111111110000
0000001111111111111100000
0000001111111111111100000
0110011100111001110011110
0001110011100111001110010
0111001110011100111001110
0000000000000000000000000
0000000000000000000000000