0000000000000000000000000
0000000001110000011100000
0000000011111000111110000
0000000111111101111111000
0000000111011101110111000
0000000111111101111111000
0000000011111000111110000
0001100001110000011100000
0001110111111111111111000
0001111111111111111111000
0001111111111111111111000
0001110111111111111111000
0001100000111111111100000
0000000000000011000000000
0000000000001111110000000
0000000000001111110000000
0000000000000111100000000
0000000000001111110000000
0000000000011011011000000
0000000000011011011000000
0000000000110011001100000
0000000000110011001100000
0000000001100011000110000
0000000001100011000110000
0000000000000000000000000