1010111010001110100001011
1010111010011101110001011
0010000010011111010001000
0010110010001001111101011
0010101000010100111101011
1010101110001001000001000
1010010011111101111001011
1010001100100110001101011
0010000111100000000101111
0011111110111000101110000
1110000000001000011001000
0000000000111000001100111
0000000011111000001011001
1110000111111110001000111
1011000111111111111000000
1011100111000011110000000
1101110111100011110000000
0110111100100111110000000
0011010001011111100000010
0111101111110010000001100
0110110011111001000011001
0000011100111111111000110
0000000111100000001001100
0111000000111111111000000
0011111110001100110111111