0000000000000000000000000
0000000000000000000000000
0000000000000000000000000
0000100111010111001011111
0001110010111010110011111
0000100001111100001011111
0100010011111110010001111
0110111010111010111010111
0101010001111100010100000
0100100011111110001110101
0100110111111111000100010
0100101000111000010001010
0110100101111100111011100
0111100011111110010101011
0111100001111111000100011
0111110000111111100111111
0111111000011000110101110
0111011100001000110111110
0111001110000111010101010
0111001111000000010111111
0111001111100000111000000
0111001110111111111110000
0111001110011111111111000
0000000000000000000000000
0000000000000000000000000