0011000000000000000000000
0011100000000000000110110
1011000000000000000001000
0110000000000000000000000
0111000000011001100000000
0110100000001111001100000
1111110000000110110110000
0111010000001111011011000
0111001110011001101101100
0111001100110110110110110
0111001001101111011011111
0000000011011001101111110
0010000110111111110110010
0111000001000000001000010
0010001001011001101011010
0111011101011001101011010
1111101001000000001011010
0111011101000000001011110
1111111111111111111111001
1111111110000110001100111
1111111111000110001101111
1111111110000111011100111
1111111111001100001110001
1111111100111110000111101
1111100000101010001010100