0000000111111111110000000
0000011111000111111100000
0000111100011111111111000
0001110000111111111111100
0011100001110011111111100
0111000011100001111111110
0110000011100001111111110
1100000011110011111111111
1100000011111111111111111
1000000001111111111111111
1000000000111111111111111
1000000000011111111111111
1000000000000111111111111
1000000000000001111111111
1000000000000000111111111
1000000000000000011111111
1100000000000000001111111
1100000000001100001111111
0110000000011110001111110
0111000000011110001111110
0011100000001100001111100
0001111000000000011111000
0000111100000000111110000
0000011111000011111100000
0000000111111111110000000