0000000000000000100000000
0000000000000011100000000
0000000000000111100000000
0000000000001111110000000
0000100000011111010000000
0000111000011110111000000
0000111111011101110000000
0000111110011011100011000
0000011011111011100111000
0000111101111011101111110
0001111110110111111111111
0000111111010111011111111
1110010111100110111111111
0111101011110101111111110
0111111101110011111111000
1111111110110111011000000
1111111111000110111000000
1111111111110101111111010
0111111111110011111111110
0000111111101111111111100
0000011111111111111111000
0001111111111111111110000
0000011000110001111100000
0000000000110000111100000
0000000000110000000000000