1000000000000110011111110
1000000000001111011111110
1100000000001011011111100
1100000000011011011111101
1100000000011011011111001
1110000000011010011111011
1111000000011110111110011
1111100000011100111110111
1111111000011001111100110
1111111110111011111001110
1111111101111011110011100
0111111011101011100111001
0000110111001000001110011
1100000110011110111000111
1111110110111011000011110
0000000110101001011111000
1111110110001001000000000
1110000011001011011111111
1000011101101110000000111
0011110000111101111100001
1111000111001011111111100
1100011110001011111111111
0001111101101000011111111
1111111101101000000011111
1111111000111000000001111