0000000000000000000000000
1111111111111111111111111
1111111111111111111111111
1111111110000000111111111
1111110000000000001111111
1111100000000000000011111
1111000000000000000001111
1110000000000000000000111
1110000000000000000000111
1100000010000100000000011
1100000011001100000000011
1100000011111100000000011
1100000001111000000000011
1100000001111000000000011
1100000000110000000000011
1100000001111000000110011
1100000001111000011000011
1110000001111001110111011
1110000011111111000000111
1111000011111101100000111
1111111111111011100001111
1111111100111111000011111
1111111000000000001111111
1111111111111111111111111
1111111111111111111111111