0000000000111110000000000
0000000001100100000000000
0111011001001010000000000
0011110001100010000000000
0011110001100100000000000
0001100000101000011100000
1111111111111111110111000
0011100000111110111100000
0111110001111111101000000
1101111001111111011000000
1011101101111111110000000
1011110100111111100000000
1011110100111111000000000
1111111100100000100000000
0111111000111111110000000
0000000000011111111000000
0000000000011111111100000
0000000000111101111100000
0000000011111100111110000
0000000011111100011111000
0000000111111000001111011
0000001101100000001110111
0000001110000000000101111
0000001111000000000011110
0000000111100000000011100