0000000000000000000000000
0000000000000000000000000
0000000000000000000000000
0000000000000000111100000
0000000000000001111110000
0001000000000011111111110
0001100000000111111111000
0001111000000111111111110
0001111110000111111111000
0000111111111111111111000
0010011111111111111111000
0011111111111111111111000
0001111111111111111111000
0000111111111111111110000
0000001111111111111110000
0000111111111111111100000
0000011111111111111100000
0000000111111111111000000
0000000011111111110000000
0000111111111111100000000
0001111111111111000000000
0000001111111110000000000
0000000000000000000000000
0000000000000000000000000
0000000000000000000000000