0000000000000000000000000
0000000000000000000000000
0000000000000000000000000
0000000000000000000001111
0000000000000000001111111
0000000000000000111111111
0000000000000011111111110
0000000000000111111111100
0000000000000111111111100
0000000000000011111111100
0000100000000011111111000
0000110000000000011111000
0001110000011110000111100
0010111000111111100111111
0111111111111111110001111
0111111111111111111001111
0001111111111111111011110
0000011111111111111111100
0000000111111111111110000
0000000011100011111110000
0000000011000011111110000
0000000011000001111100000
0000000110000111111000000
0000000000000000000000000
0000000000000000000000000