0100000000000000000011100
0100000111111000000111110
0100011111111111000111110
0100111111111111110111110
0100111100011111100011100
0100111100001111000001000
0100111100001100000100000
0100011100010000011000000
0100000111100000011000000
0100000011000000010000000
0100001111110001110000000
0100011011111111100000000
0100111011001111000000000
0100111100001100000000000
0100111110011000000000000
0100010001111111000000000
0100001111111111110000000
0100001111111111111111000
0111110000001111111110000
0000111111110111111100000
0000011111111000000011000
0100011111111100110111000
0110001111111101110110000
0111000000000011001100000
0111100000000001100110000