0000000000000000000000000
0000000000000000000000000
0000000000000000000000000
0000100001100110001100000
0001110011111111011110000
0001110011111111001100000
0011110011110111001100000
0011111101100110011110000
0001111110011011111111000
0001111100111000011110100
0001011100010000011110100
0001001110000000011110100
0001001110000000011110100
0001011111000000111110100
0010111111100001111100100
0000001111000011101100000
0000000011100011001110000
0000000011100011000110000
0000000111000001000010000
0000001110000001100011000
0000000100000000110001000
0000001000000000010001000
0000000000000000000000000
0000000000000000000000000
0000000000000000000000000