0111111111111111111111110
0111111111111111111111110
0111111110000000111111110
0111111000000000011111110
0111110000000000011111110
0111000000000111011111110
0111000000000111110001110
0111000000001110000000110
0110000000011111111000110
0111000000000011100010010
0111000000000010001111010
0111110000000000111111010
0111111000000001111111110
0111110000000000111111110
0111100000000000011111110
0111100000000000011111110
0111111000000000011111110
0111111000000000011111110
0111111000000000011111110
0111111000000000011111110
0110110000000000011111110
0110010011111110000111110
0110000011111111000111110
0111000111111111001111110
0111111111111100011111110