0000000100000000000000000
0000000100000000000000000
0000000110000000000000000
0000000111100000000000000
0000000111110000000000000
0000000111111000000000000
0000000111111100000000000
0000000111111110000000000
0000000110011111000000000
0000000111000011100000000
0000000111111011110000000
0000000111111001111000000
0000000111111100111100000
0000000111111111111110000
0000000111011111111111000
0000001111010111101111100
0000001111000111100011110
0000001111111111111111111
0000000011000000000000000
0000000011000000000000000
0000000111100000000000000
1111111111111111111111000
0111111111111101010111000
0001111111111111111110000
0000111111111111111100000