0000000000000000000000000
0000000000000000000000000
0000000000000000000000000
0000000011000000000000000
0000000111000000000000000
0000000111000000000000000
0000001110000000000000000
0000001110011100000000000
0000001101111100000000000
0000111011111000000000000
0001111111100000000000000
0011101110000111100000000
0011111111111111111000000
0011111101111111111100000
0001110011111111111110000
0000011111111100011110000
0000011111111011101101000
0000001111110111111101100
0000000111111111111101100
0000001111000111111011000
0000111110111000111100000
0000111001111111111000000
0000000000000000000000000
0000000000000000000000000
0000000000000000000000000