0000000000000000000000110
0000000000000000000001111
0000000000011100000001111
0000000000011100000001111
0000000000111110000000111
0000000111111111110000111
0000011111111111111100110
0000011101111111011100011
0000001100000000011000001
0000000111111111110000001
0000001111111111111000000
0000111111111111111000011
0011111111111111111100011
0111101111111111111100111
1111101111111111111111111
1110101111111111111111111
1100101111111111111111110
1000101110000000011111110
1000101110100000011111100
1000101110100000011111000
0000111110100000011110000
0000011110000000011100000
0000001111000000011000000
0000001111110000111000000
0000000111111111110000000