0000000000000000000000100
0000000000000000000001010
0000000000000000000010100
0011110000000011110111000
0010011111111111011110000
0010010000000010011100000
0010110111001010111000000
0010010111001011110000000
0010010000000011110000000
0010010111110111010000000
0010010100011110110000000
0011011011100110010000000
0010010010100110010000000
0010010011111010010000000
0010011000101011010000000
0010111000111010010000000
0010011000000110010000000
0010011111001010010000000
0010010111110010110000000
0011010000000010010000000
0010010111111010010000000
0010010111111010010000000
0010110000000011010000000
0010011111111110010000000
0011111000000111110000000