0000000000000000000000000
0000000000000000000000000
0000000000000000000000000
0010000000000000000000000
0011100000000000000000000
0001110000000000000000000
0000111000000000000000000
0000011000000000000000000
0000011000000000000000000
0000110000000000000000000
0000110011111000000000000
0000101111111110000000000
0000011111111111000000000
0000011101111111100000000
0000011110111111010000100
0000011110111111011001100
0000001111011111111111000
0000001111011111110110100
0000000111000110110010100
0000000110000111011101000
0000000110000111000110000
0000000110000011001111110
0000000110000011101111110
0000000000000000000000000
0000000000000000000000000