0000000000000000000000000
0000000000000000000000000
0000000011111100000000000
0000011111111111000000000
0000111111111111110000000
0001111111111111111000000
0011111111111111111100000
0111111111111111110000000
0111111111111110000010000
1111111111110000011110000
1111100000000001011111000
1111000000000001101111000
1111011111100000101111100
1111011111100000110111100
1111001111110000010111110
1111000111110000011011110
0111100011111000001011100
0111111000000000000000000
0111111111111111111111111
0011111111111111111111111
0011111111111111111111111
0001111111111111111111110
0000111111111111111111110
0000000001111111111111100
0000000000000000000000000