0000000000000000000000000
0000000000000000000000000
0000000000000000000000000
0000000000111110000000000
0000000001111111000000000
0000000011111111100000000
0000000011001001100000000
0000000110001000110000000
0000000110101010110000000
0000000110001000110000000
0000001111111111111000000
0001101111111111111011000
0111101110111110111011110
0111101111000001111011110
0111110111110111110111110
0000000111111111110000000
0000000001111111000000000
0000000000111110000000000
0000000010000000100000000
0000000011100011100000000
0000000010100010100000000
0000000101110101110000000
0000000111110111110000000
0000000000000000000000000
0000000000000000000000000