0000011111111111111000000
0000111000011111111000000
0000100011111111111111110
0000110111111111100000011
0000100111111100001111101
0000111111110001111111111
1110111111000111111111111
1011111000011111111111111
1100000001110111111111110
0111111111000011111111000
0011111011111011100110000
0000111001100001100110000
0000010000001110000110000
0000010000011110001100000
0000011110001100011111000
0000001000000100011111100
0000001011100001001101100
0000000100000011001100110
0000000110000110011000010
0000000010001111110010011
0000000001111111100110011
0000011111101100001100111
0001111111000110011100111
0001111111000011111001111
0011111111110001110011111