0000000000000000000000000
0000000000000000000000000
0011111110111100011111110
0011111000011111000011110
0011100000000011100000110
0011000000011111111100010
0011000001111111111111010
0010001111111100101111100
0010011111000111101110110
0010111101111111101111110
0000111100110011110111100
0000111110111100001011000
0000110110000011111000010
0000110111000111000000010
0001101111001000000000010
0001101101100000000000110
0001110110100000000000110
0011111010110000000001110
0000111011010000000011110
0001110111110000000111110
0011011111100000001111110
0000111101100000111111110
0001111011000011111111110
0011100000011111111111110
0000000000000000000000000