0000000000000000000000000
0000000000000000000000000
0000000000000000011100000
0000000000000000110110000
0000000000000000101010000
0000000000000001011101000
0000000000000001111111000
0000011100000001101011000
0000110110001101010101000
0000101010001111100011000
0001011101001111010101000
0001111111000111101011000
0001101011000011111111000
0001010101011011011101000
0001100011111001101010000
0001010101111001110110000
0001101011110001111110000
0001111111100001111110000
0001011101100000000000000
0000101011000000000000000
0000110111000000000000000
0000111111000000000000000
0000111111000000000000000
0000000000000000000000000
0000000000000000000000000