0000000000000000000000000
0000000000000000000000000
0000000000000001110000000
0000000000000010111000000
0000000000000111111000000
0000000000001100111100000
0000000000001011111100000
0000000000000100111100000
0000000000000000111100000
0000000000000000101110000
0000000000000001100111000
0000000000000001111110000
0000000000000011111110000
0000000000000111111110000
0000000000000111011111000
0000000000001111011111000
0000000000001110111111100
0000000000011110111111100
0010000000111101111011100
0001000001111111110011000
0001100011110101000010000
0000111111001100000001000
0000011100010100000001110
0000000000000000000000000
0000000000000000000000000