0000000000000000000000000
0000000000000000000001000
0000000000000100000000100
0000000000000100000000100
0000000000000110000001100
0000000000000011100011100
0000000000000011111011100
0000110000000001111111100
0001101000000000111111000
0001111000000000001111000
0000110000000011100110000
0000000000001111001110000
0000011000011011001110000
0000011000110110111110000
0000000000101111111110000
0000010000111111111110100
0000000011111111111111100
0000000111101111111111100
0000000111110111111111000
0000001111111011111000000
0000001110111011110000000
0000001111110111000100000
0000000111101111111000000
0000000000000111100000000
0000000000000000000000000