0000000000000000000000000
0000000000000000000000000
0000011000000000001010000
0001111100000000001110000
0011111110000000011111000
0011100110000000111111000
0111001110000000111110111
0111001100000001111111111
0111000001111110011111110
0011101111111111001111100
0001111111111111100110000
0000111111111111110010000
0001111111111111111010000
0001111111111111111110000
0001111101111111111110000
0001111110011111111100000
0000111110000111011000000
0000111110000111011100000
0001111110000011101110000
0001101100000001110111000
0001001100000000111011111
0001100111100000011100111
0001100011100000001110000
0000110000000000000111000
0000000000000000000000000