0000000000000000000000000
0000000000000000000001100
0000000000000000001110100
0000000000000001111110110
0000000000011111111111010
0000000011111111110011010
0000111111111111111111010
0011011111111111111111011
0011011111111111111001101
0101011110111111111111101
0101001101111111111111101
0100101111111111111111101
1010101111101111111011101
1010100111011111111101101
1010110111111111111111101
1011010011111011111111011
1001011001111011101111010
1101101100111111101111010
0100100110011111111110110
0110111001001111111110100
0011011101100011111001100
0001001110011000000111000
0000110001111111111100000
0000001111001111111000000
0000000001111111000000000