1011111111111111111100100
1101111111111111001000000
0000011111110010000000000
1100000111100000000000000
1010000011111111111111111
1111000001111111111111100
1111100000001111111001000
1111111000011111100000000
1111110000000111111111111
1110000011000001111111111
1111001111100000111111111
1111101111110000000111111
1111111111111100011111111
1111000111111111101111111
1110001001111111111111111
1000000110111111111111111
0000001111001111111110001
0000001110110111110001110
0000011111001011000111001
0000000011110000001100011
1100000100011100110001111
1110001111111111000111001
0011100011111100011110100
0111111000110011111001110
0011111110001111100111111