0000000000000000000000000
0000000000000000000000000
0001110000000000000001100
0011000000000000000001100
0010000000000000000001010
0110000000000000001111110
0100000000000000001101000
0100011110000000000011000
0100111111000010100000000
0101111111100011110000000
0111111111100011011000000
0011111111110011111000000
0011111111111111110000000
0001111101111111100000000
0001101100111111100000000
0011011000111111100000000
0011011000011111100000000
0110001100001101000000000
0110001100001101000000000
0010000110000101000000000
0011000011000010101111100
0111111111111001010111111
0001111111111111111111110
0000011111111111111000000
0000000000000000000000000