0000000000000000000000000
0000000000000000000000000
0001111001111111111001110
0011111111011111101111011
0010011000001111000011001
0011001110000110001111111
0001111111110110111100110
0000110001010000101000011
0001110001001111001000011
0011100001110000111000001
0111110000111001110000111
0111100000001111000000011
0111111000110110110000111
0101111111101111011001111
0101111111001010101111111
0101111101000000010111111
0110111101111111110111101
0110111110110000110111101
0011011011011001101111010
0001101011101111011100110
0000111001110000111011100
0000011100011111100111000
0000000111100000011110000
0000000001111111111000000
0000000000000000000000000