0000000000000000000000000
0000000000000000000000000
0000001111110000000000000
0000111010111100000000000
0001100001011111000000000
0011000111111111100000000
0010011111111111100000000
0110111111111111110000000
0101111111000011111000000
1101110000000000011000000
1011000111100000001000000
1100011100011001110000000
1100001100001011000000000
0110000100001110001111000
0011111110001100111011100
0000000011000101110111110
0000000001000101111111110
0100000001000110001111110
1000100101000111100011110
1100110111000111100001110
1111011011000111000010010
0110111110001111000011100
1101011111111111100111111
0111101111110011111111110
0000000000000000000000000