0000000000000000000000000
0000000001111111110000000
0000001111111111111100000
0000011000000011111110000
0000110000000000111111000
0000000111100000011111100
0000011111111000001111110
0000111111111100001111110
0001111111111100001111111
0011111111111110011111111
0011111111001110011111111
0111111111011100001111111
0111111111111100000011111
0111111111111000111101111
0111111111110000011101111
0011111111100000001000111
0011111111000000000000111
0011111111000000001000110
0001111111000000011101110
0001111111100000111111100
0000111111110001111111000
0000011111111111111110000
0000000111111111111100000
0000000001111111110000000
0000000000000000000000000