0000000000000000000000000
0000000000000100000000000
0000000000000110000000000
0000000000000111000000000
0000000000000111100000000
0000000000000111110000000
0000000000000100000000000
0000000000000110000000000
0000000000001011000000000
0000000000011011000000000
0000000000111011100000000
0000000001111011100000000
0000000011111011110000000
0000000111111011110000000
0000001111111011110000000
0000011111111011111000000
0000000000000111111000000
0000000011000111111000000
0000000010000100000001000
0001111111000100111111100
0000111111111111111111100
0000011110111011101111100
0000001111111111111111000
0000000111111111111100000
0000000000000000000000000