0000000000000000000000000
0000000000000000000000000
0000000010000000000000000
0000000110100000000000000
0000001111010000000000000
0000011111101000000000000
0000001011110000000000000
0000000011101000000000000
0000000111110000000000000
0000000111101000000000000
0000001111110011101000000
0000001111111111110100000
0000001111111111111010000
0000001111111111111100000
0000001111111111111010000
0000001111110001111100000
0000011011000000111010000
0000110011000000011100000
0000100010000000001010000
0000100010000000001000000
0000010010000000001000000
0000000010000000001000000
0000000010000000001000000
0000000000000000000000000
0000000000000000000000000