0000000000000000000000000
0000000000000000000000000
0000000000000000000000000
0000000000000000000000000
0000000000000001000000000
0000000000000001100000000
0000000000000001111000000
0000000000000000111000000
0000000000000000110000000
0000000000000000010000000
0000111111110000011000000
0000011111110000011100000
0000111111100000011100000
0001111111100000011111000
0001111111100000001111000
0011111111100000011111100
0011111111111111111111110
0011111111111111111111100
0001111110111111101111110
0001111110000000000111110
0001111110000000000111110
0000111100000000000011100
0000000000000000000000000
0000000000000000000000000
0000000000000000000000000