0000000001111111000000000
0000000111111111110000000
0000011111111111111100000
0000111111111111111110000
0001111000000000000111000
0011110000000000000011100
0011100000000000011001100
0111100000000000011001110
0111100000001100000001110
1111100000011110000001111
1111100000111111000001111
1111101110111111011101111
1111101110111111011101111
1111101110011110011101111
1111101111001100111101111
1111101111100001111101111
0111101111111111111101110
0111100111111111111001110
0011110011111111110011100
0011111000000000000111100
0001111111111111111111000
0000111111111111111110000
0000011111111111111100000
0000000111111111110000000
0000000001111111000000000