1111000000001000000001111
1011001111010101111001101
1111101001011101001011111
1111110000110110000111111
0011011000111110001101100
0001101001110111001011000
0110111001111111001110110
0100000101110111010000010
0100000011111111100000010
0110011110110110111100110
0001111111011101111111000
0111111111101011111111110
1010101010110110101010101
0111111111101011111111110
0001111111011101111111000
0110011110110110111100110
0100000011111111100000010
0100000101110111010000010
0110111001111111001110110
0001101001110111001011000
0011011000111110001101110
1111110000110110000111111
1111101001011101001011111
1011001111010101111001101
1111000000001000000001111