0000000000000000000000000
0000000000000000000000000
0000000000000000000010000
0000000000000000000110000
0000000000000000001110000
0000000000001111110100000
0000000000111000001100000
0000000001100000000110000
0000000011000000000011000
0000001110000000000001000
0000111000000000000001000
0000110000000000000001000
0000011000000000000011000
0000001100111100000111000
0000000111111110000111000
0000000011111111001111000
0000000101111111101111000
0000001000001111111111000
0000001110000001111111000
0000000111000000111111000
0000000111101000111011000
0000000100110001111100000
0000000110001111111110000
0000000000000000000000000
0000000000000000000000000