0000000000000000000000000
0000000000011111111110000
0000000000001111111111000
0000000000110111111111100
0000000001111011111111100
0000000001111011111111100
0000000001111011111111100
0000000000111110111111100
0000000000111000111111100
0000000001111100011111100
0000000010011100001111000
0000000010111100000111000
0000000110111100000001000
0001111110111111111111110
0001001010111110101010110
0001010010111110101010110
0001001100111110101010110
0001011111111110101010110
0111111111111111111111110
0110110111000000000111110
0111011011011111111110110
0110011011000000000110110
1110001111100000000111111
0111111111111111111110000
1111111111111111111111111