0000000000000000000000000
0000000011000000011000000
0000000111100000111100000
0000000111110011111100000
0000000111111111111100000
0000000111101101111100000
0000000111111111111100000
0000011011110001111011000
0000111110000000001111100
0000111100000000000111100
0000111000000000000011100
0000010011100000111001000
0000010110110001101101000
0000010111110001111101000
0000010101110101011101000
0000010011100000111001000
0000011000000100000011000
0000001100000011000110000
0000011110000011101100000
0000111011100001111000000
0001110000111111111000000
0001110000110110011000000
0000000001110111000000000
0000000011110111100000000
0000000011110111100000000