0000000000000000000000000
0000000001111111100000000
0000000111110101011100000
0000001111011111110111000
0000111101111111111111100
0001111111111111111111110
0001111111110001111111110
0011101111110000111111110
0111111111100000000111111
0111111111000000000011111
0111111110111100000111111
0111111100000000000001111
0111101100011100001111111
0111001000101100010110111
0111000000000000000000011
0111100000000000000000110
0111111000000011100000100
0111111100000000000000110
0111111100101111110000110
0111111110000100000001111
0011111110000011100011111
0011111111000000000111111
0011110101110000001101111
0001101100011000011011110
0000011000000111100000000