0000000001111110000000000
0000000110011011100000000
0000011111101100111000000
0000111100110100001100000
0001100110010001011100000
0001001110000001110110000
0010111001100011000110000
0010111100101100111011000
0011111011110111011011000
0101101110100011110101000
0111110001100010001101000
0111011111100011111001100
1101000111110010110001100
1001110001110010000100100
1011111110110100100100100
0111110110110101010000100
0101101110010101101010000
1011011011011000101011010
1011111011010000010001000
1011110111100001011101101
1111100111111001100110101
1110101110101000110010110
1010101100001100010011110
1100011100001100011011010
0101001100000110001101001