0000000000000001111111000
0000000000000011000011100
0000000000000110000000110
0000000000000110011000110
0000000000000110001100011
0000000000000011000100011
0000000000000001111100011
0000000000000000000000011
0000000000000000000000110
0000000000000111111100110
0000000000111111111111110
0011110011111111111111100
0110011111111111111111100
1111011111111111111111000
1111111111111111111111000
0000111111111011101111000
0000011111110011101111000
0000111111100011100111000
0000111111110011000111000
0001111001110011000111000
0011110001110011000011000
0111000011100001100001100
1100001111000001100001100
1000111100000000110000110
0000100000000001110001110