0111101101100001010000000
1110110001110000111000011
1111010001011000101000111
1111010101101101111001101
1100110000100111010011011
0111100000110110011110010
1000010000010100000000110
1010000111001100011001100
1010011111100110001111000
1000111111110011110100000
0001111100011110111011000
0011111000001100101101101
0111110011100111100111001
1111100110110011000010011
1111001101011101110000111
1110011000110000111000111
0110010011011000100000111
0110010000011000101110110
0110001000110000100111010
0110000111100000100011010
0110000000000000101100111
0110001111110000100110011
0110000000000000100111110
0111111111111111100001100
0000000111100000000011000