0000000000000000000000000
0000000001111000000000000
0000000111111100000000000
0000011111100010000000000
0000111110000000000000000
0001111000000000000000000
0011100000000000000000000
0011000000000000000000000
0011110000000000000000000
0111111100000000000000000
0111111110000100000000000
0111111110000110000000000
0111111111000111100000000
0111111111000111110000000
0111111111100111011000000
0011111111111111111000000
0011111111111111110000000
0001111111111111100000000
0001111111111111110000000
0001111111111111110000000
0000111110111111110000000
0000011111000011111000000
0000000111100000011110000
0111111111111111111111110
0000000000000000000000000