0000000000000000000000000
0000000000000001111110000
0000000000000011111111000
0000000000011110000111100
0000000011110011000011100
0000001110000111110011100
0000011000001101111011100
0000110110011001111011000
0000101101011001111100000
0001101001011111111100000
0001101001011111001100000
0001100110111110100100000
0001110001111100001100000
0001110111011000100101100
0001111100001000001101100
0001111001000100111011100
0001111100000011101111000
0001111001001100000111000
0001111100111000000110000
0000110111000000000100000
0000110010000011100010000
0000000010001100110010000
0000000011001000011100000
0000000001111000000000000
0000000000000000000000000