0000111111111000000000001
0000111100010000000000011
0000101010110000000000101
0000100000010000000001011
0000100001010000000010110
0000010011010000000101100
0000001000011111101011000
0000110111111111110110000
0001110000011111101111000
0011100110001111111111100
0111100111001100001111110
1111110111101000000111111
1111110110011100000011111
1111111100001011000001111
1111111000010111111001111
1111110001001001111111110
1111111110010000111100000
1111000001000000111110000
1110000001000011111111000
1111110001000111111111000
1111001110001111111111000
0100000000001111111110000
0110000000011111111000000
0010000000011111000110000
0001100000111100111111000