1100000000000111100000111
1011000000011000100011110
1000111111100111000110100
1110100000101110000101000
0111000000011100001101000
0001000000001000001001000
0001100110101000011001000
0001100100101000010001100
0000100001101000010000100
0000100011001100011000100
0000110111000110001100110
0000111110000011001100010
0000000110000001110110011
0000000100000000011011001
0000000100000000001101011
0000000100000000000111011
0000000110000011110011111
0000000111100110011001111
0000000111100100000001110
1000000101100100000001110
1111000100100110000011100
1111111101101111100001100
1111111101101111110001111
1111111001001000000000111
1111111111111111111111111