0000000000000000000000000
0000000000000000000000000
0000000000000111111110000
0000000000001101111111000
0000000000001111111111000
0000000000001111111111000
0000000000001111111111000
0000000000001111100000000
0000000000001111111100000
0001000000011111000000000
0001000000111111000000000
0001100001111111110000000
0001110011111111010000000
0001111111111111000000000
0001111111111111000000000
0000111111111111000000000
0000011111111110000000000
0000001111111100000000000
0000000111111000000000000
0000000011011000000000000
0000000011001000000000000
0000000010001000000000000
0000000011001100000000000
0000000000000000000000000
0000000000000000000000000