0111110111111000000000000
1100111110001100000000000
1110011111100110111100000
1000001101100011100110000
1100000110110011001010000
1110000011011010001110000
1000000001001110000111100
1110000001101110011111110
1011000000110110110000000
1100000000010110100000000
0110001100000110111110000
0011100110000010000011000
1111110010000011100001111
1011011110000011110000011
1100100110000011111100011
1111111100000000111100001
0011001111000000011100001
1100111111100000001100001
1111111000111000001100001
1001001100001100011000011
1111111110000100000000111
0010011111100000000000100
1101111001110000000001111
1111100111100001100010010
1111111110000111111111111