0000001110000000000000000
0000000111100000000000000
1111101001110000000000000
0001110001010000000000000
0000001010010010000000000
0000010010010110100000000
0000010100000011001000100
1010010100111110001000100
1010010101100011011010100
0110010111000101101010101
0111110000110100111011111
1111111011110110001001110
1110010001100010101110001
1001110100000000110111111
0011110101000000010011101
0111010101000000000001110
1110111111100110000100111
1100111011100110110110111
1101100111110110111001111
1111011111110110111111001
1011111100110110011011110
0011110111100111001101111
0111001100101101111110111
1110011001101110111100111
1110111011111110110001100