0000000000000000000000000
0001111010110101111010100
0001111011110111111011100
0011011110111101011110110
0011011111110101111010100
0011111010111101011010100
0001011011111111111010110
0011111111000000011111100
0011011100000000000110110
0001011000000000000011110
0001110000000000000001100
0011101111111011111110110
0001111110001011111111100
0011111100000101111111100
0011011110101101111111100
0001111110101101111111110
0001011110101110111110110
0001011110001110111111110
0011011100000100111111100
0001111001110001111110100
0011111001110001111110110
0011011000100111111111100
0001011000100111111111110
0001111000100111111111100
0000000000000000000000000