0011100110000000000000000
0101111011000111111111111
1101001101011111000001100
1001001110110000111111000
1001001111000111110000000
1001100110011111000000000
1000111100111110000000000
1000000001111000000000000
1110000011111100000000000
0111000110000110000011111
0011100111000011111100011
0110110011100000000000011
1110000000111000000000011
1100000000001100000000111
1000011100000110000000110
1000111000000110000001100
1001110000000111000011100
1011110000000111111111000
1011010000001100111110000
1010100111111000000000000
1100101101100011111111111
0000011000110000111111111
1110010000011111011111111
1111011111001111101111111
1111101111100000011111111