0000000000000000000000000
0000000000001000001101100
0000000000010100010110110
0000000000011010001010010
0000000000001101000100100
0000000000010001101111000
0000000000011010110110000
0000000000001101000110000
0000000000000000000110000
0000000000000000000110000
0000000110000000000110000
0000001111010001000110000
0000000110010011100110000
0000011111111111111111000
0001111101111011110111100
0000101011110111101111100
0000101011110111101111100
0000101011110111101111100
0000101111111111111111100
0001110000000000000001000
1011111111111111111111001
1111111111111111111111111
1001001000101010001001001
0001001000100010001001000
0000110000011100000110000