1111000011111111111111111
1001111110000001110011001
1110011111011100111100100
0011111001100010011111111
1111111110111100000001111
1111000111111000001100100
1110010000000000010110111
1100101100000000011110011
0100100011000000001100001
1100100111110000110000001
1110101110111000010000011
1110100111001100000001111
1001010111111111000111101
0011010111111000011111001
1110010100110000111010010
1110101110011111110010110
1101001111111101111010100
1000011100000101111010101
1111111011111110011100011
0111110000001111011110111
0110110111110101010010110
0010101000111101000110100
1001100111111100011110001
1101101111111110111110111
1101111110000111101110111