0000000000000011001000000
0000001111111001100000001
0000111100001100111000011
0011110001100110111100111
0001100111010111011111110
0000101110011011011111110
0110001100110011011111100
0011001100110111011001000
1111100111001111100000000
0111110011111111101110111
0111111000011111101111110
0000111101001111011111100
0011001111100000111111100
0011000111111101110111000
0001100011101101111110001
0001110000000001011000111
0001111101110000111011111
0000111111000011111011110
0000011110001111110111100
0001100111111111111111110
0011111001011111111111111
0111111111011111111001111
1111111111011111011100011
1111110000110011001110000
1110000000111001001110000