0001111111111111111111000
0011111111111111111111100
0111110010011111111111110
0111111011001111111111110
1111111111110010111111111
1111111111111111111111111
1111111111111111111111111
1110100110001100111111111
1111111011111011111110111
1111011111011101101110111
1111001100001111001110011
1111100001010000011110011
1111100000001100011100011
1101110011100100111100111
1101110001011001111000111
1110111000110001111011111
0111111100000011111011111
0000000110010011111111110
0100000001110000111111100
1010000000011000100000000
1011000000001100110000000
1001111000111101111100000
0111111100111101001110000
0001101111011011100111000
0000011011101111011001000