0000000000000000000000000
0000000000000000000000000
0000000000010010000001100
0000000000010010000011100
1000000001001001000111110
1100000000110101001110110
1110000011111111101100110
1111000111111111111100110
1111101101111110011000110
1101111100111111111000110
1101111111111111111111100
1100111111111111111111110
1100111000011000011111111
0111111110111101111111110
1111111111111111111111111
1111111111111111111111111
0111111111100011111111111
1111111111110111111111110
0011111101111110111111100
0101111110000001111111000
0000111111111111111111100
0001000111111111110100011
0000011011111111100010000
0000000000111110000000000
0000000000000000000000000