0000000000000000000000000
0000000000000000000000000
0000000000000000000000000
0000000000000000011100000
0000000000000000110110000
0000000000000001111111100
0000000000000001111000000
0000000000000001110000000
0000000000000001110000000
0000000000000001111000000
0000000000011100111110000
0000000001111111011111000
0000000011111001101111000
0000000111111111101111000
0000001111110011101111000
0000011111001111011110000
0000111111111100111000000
0001111111000011110000000
0011110000111111000000000
0000011111110000100000000
0000000000001000010000000
0000000000011110111100000
0000000000000000000000000
0000000000000000000000000
0000000000000000000000000