0000000001000000000000000
0000000011000000000000000
0000000010100000000100000
0000000010100000000100000
0000000010100000001110000
0000000100110000001110000
0000000100010000010101000
0000000110110000001110000
0000001111010000011111000
0000001101111000110101100
0000011111111000001110000
0000111111111100011111000
0001111111111100110101100
0011111111111110001110000
0010111111111110111111100
0011000011111111000100000
0011111000000011110111000
0011111111110000011110000
0011111111111100000011000
0011111111111110000001100
0011111111111111000000100
0011111111111110000001100
0011111111110000000011100
0011111110000000000111100
0011110000000000001111100