0000000000001000000000000
0001000000001100011101110
0001100000001110111001001
0001110001000110100001011
0000110111000001001101000
0111001110000001011110100
0011101000001110111111000
0000011001101110111111000
0011101011110110111111000
0001111011111100001111000
0000000101111101101110000
0000000100011010011101110
0011111011100100100111111
0011111011110101010111111
0111111111110100100111110
0111111000110110000011111
0011110010011011111101110
0011110101011100111110000
0000010010011110111110000
0111111000101111111110000
0111111111111100101100000
0011111111111011000000000
0011110111111001110000000
0001101111111000111000000
0000000110110000000000000