0000000000000000000000010
0000110000000000000000101
0001001000000000000000010
0001111111000000000000000
0000100000100000000000000
0000011111111000111111111
0000100000000111111111011
0000011111101111111011111
0000100000011110011011111
0000111110111000011001110
0001000001110000111100100
0000111101100001111111000
0000100011100011111110000
0000011011000111111100000
0000000111001111111100000
0000000111111111111000000
0000000101010101011000000
0000001101010101110000000
0000010101010101100000000
0000010101010110000000000
0000110101011000000000000
0001010101010000000000000
0011010101010000000000000
1101110101010000000000000
1111001101100000000000000